28974
28919
29186
29769
29959
30168
31423
33635
32463
29934
34858
34925
36803
34951
37576
37739
38131
39626
40257
41123
40380
42539
42993
39993
43194
43033
43709
44117
47318
39436
41952
49250
47754
49638
46280
50570
49457
48091
51929
36430
51320
48080
44272
51322
54965
47910
52394
54625
45489
50200
50776
53012
36234
47952
40192
31460
55341
57430
57436
59909
59596
59895
62227
72671
76096
73433
42573
70008
71811
72699
74238
59208
49743
53981
60015
61411
61536
53999
65319
68991
69011
46298
70773
71723
44191
72157
57666
58681
48990
64331
70241
69459
30439
71377
67592
67774
71878
72154
68494
72531
54421
49657
62642
70619
72150
74952
77799
77163
80249
80916
76798
82062
81863
82218
83303
83563
76055
82134
86789
87376
88652
96371
83565
81846
99168
98320
100227
82171
82752
102459
109173
92880
101047
108118
100195
112243
107299
113510
103741
95529
115275
95517
115252
114875
116626
115607
113511
117296
117189
114343
117681
115251
116949
112736
118192
118599
117882
117209
118715
119543
109614
119210
119353
120351
119451
120543
120474
120363
120401
113257
119749
120909
119539
124105
123695
122728
58520
123612
124808
124654
124999
121395
125101
125405
125810
126328
123212
120356
125475
122370
128128
128699
128655
128744
122742
128618
128237
121616
125699
131933
131932
132130
129566
133307
131505
130869
130837
132926
135001
134541
136665
138143
138540
138286
135780
118781
133117
135068
82570
142165
141956
138171
125480
132349
72528
120739
145086
145950
146546
122580
132591
136707
147701
147801
148545
148536
148786
148388
148727
148693
148537
148972
148737
148409
149305
150671
151673
151845
152257
151938
152388
152631
152871
152873
152589
130300
154332
153535
129525
155148
155238
155972
151182
156962
153845
153490
152848
158573
156904
149071
152366
159896
158624
123423
148908
161217
149289
138219
138223
138215
158412
173602
104218
145693
64069
150271
