([1], [1456, 3912, 384, 3682, 4226, 505, 3062, 1285, 2670, 3398, 3595, 1929, 652, 3384, 2593], ['aspectj'], 'compiler')
([2], [3322, 2982, 3231, 2596, 1515, 4217, 2741, 3664, 3262, 3668, 797, 1948, 4255, 2306], ['aspectj'], 'compiler')
([3, 4, 5], [960, 4046, 562, 4050, 798, 729, 1929, 1383, 3523, 2741, 3528, 1670, 707, 1948, 1123], ['aspectj'], 'compiler')
([6, 7, 8, 9, 11], [1456, 981, 2115, 3446, 3119, 3716, 2283, 3720, 1475, 858, 4005, 991, 1334, 2076, 143], ['aspectj'], 'compiler')
([15], [1456, 2848, 2388, 576, 3855, 2792, 1530, 3595, 1929, 2801, 1475, 1633, 3228, 129, 3409], ['aspectj'], 'compiler')
([17], [1076, 833, 4047, 3231, 3192, 2725, 1650, 2187, 2151, 1607, 1929, 3520, 2738, 1406, 2482], ['aspectj'], 'compiler')
([18, 19, 20], [3707, 1456, 1912, 3938, 2854, 2535, 3595, 1929, 2801, 513, 2006, 1913, 1603, 732, 1643], ['aspectj'], 'compiler')
([21, 22], [1913, 3506, 3595, 1929, 2801, 3384, 2128, 2740, 3409, 2875, 1603, 3673, 729, 732, 1052], ['aspectj'], 'compiler')
([23, 24, 25, 26], [2717, 3231, 2834, 2774, 1397, 1929, 2196, 2741, 1335, 3262, 1673, 599, 729, 2503, 2508], ['aspectj'], 'compiler')
([27], [2331, 179, 180, 1913, 3394, 3119, 348, 1660, 713, 3595, 578, 1929, 2801, 1734, 3092], ['aspectj'], 'compiler')
([28, 29, 30], [2185, 1656, 1929, 3523, 2741, 2210, 1674, 1948, 1123, 4090, 2222, 1953, 2503], ['aspectj'], 'compiler')
([33], [3231, 3913, 2186, 1929, 1102, 3523, 1665, 705, 753, 678, 2210, 1948], ['aspectj'], 'compiler')
([34, 19, 36, 25, 38], [3709, 1544, 2462, 3714, 1272, 2466, 1088, 2928, 1765, 2544, 3519, 2199, 519, 3012], ['aspectj'], 'compiler')
([], [1456, 3806, 2834, 3921, 2544, 1251, 1255, 3604, 2875, 2067, 4003, 3673, 3528, 3676, 1745], ['aspectj'], 'compiler')
([41, 42], [1592, 2969, 1804, 4296, 1884, 2466, 4003, 2497, 1373, 1610, 1407, 1107], ['aspectj'], 'compiler')
([43, 27], [3912, 963, 4048, 1722, 1991, 3778, 2600, 3759, 1594, 3231, 1929, 2196, 513, 2411, 4151], ['aspectj'], 'compiler')
([46], [1456, 965, 2116, 2055, 2540, 2670, 2798, 3595, 3706, 770, 2801, 3720, 2196, 3409, 2875], ['aspectj'], 'compiler')
([], [2467, 573, 1658, 2196, 36, 905, 352, 1690, 2507, 1698], ['aspectj'], 'compiler')
([50, 51, 52, 53, 54, 11], [3143, 627, 1462, 3172, 1394, 2642, 3166, 3984, 160, 416, 1066], ['aspectj'], 'compiler')
([57, 58, 59, 2], [1456, 3231, 435, 3517, 771, 322, 1033, 4112, 3919, 2670, 3067, 1929, 2283, 652, 4285], ['aspectj'], 'compiler')
([61, 9], [1456, 2332, 2116, 9, 1462, 1464, 1734, 566, 3595, 3706, 4143, 2801, 2736, 1321, 2349], ['aspectj'], 'compiler')
([63, 64, 65], [1456, 1781, 3231, 3984, 2854, 3094, 1948, 190, 922, 1929, 2615, 2196, 1063, 628, 1322], ['aspectj'], 'compiler')
([67, 68], [834, 3231, 5, 326, 17, 18, 1929, 3522, 859, 2482, 1123, 729, 1127, 3279, 3553], ['aspectj'], 'compiler')
([72, 73, 59], [1456, 3443, 101, 582, 3537, 1515, 1461, 3104, 1929, 2196, 2934, 2677, 1172, 786, 3262], ['aspectj'], 'compiler')
([75, 76], [1456, 2334, 4003, 3746, 1789, 3244, 3785, 1596, 192, 3984, 2127, 1473, 2571, 2875, 3999], ['aspectj'], 'compiler')
([77, 78, 76], [3826, 329, 1929, 1102, 3523, 2741, 1199, 2210, 352, 1948, 874, 729, 52], ['aspectj'], 'compiler')
([80], [8, 369, 2822, 3373, 1643, 729, 52, 3305, 1137, 3554], ['aspectj'], 'compiler')
([81], [2, 2687, 3471, 3818, 1890, 1815, 3038], ['aspectj'], 'compiler')
([82], [2647, 467, 4152, 1603, 2098, 1345, 4210, 425, 2960, 3977, 554, 4061, 3847, 4196, 399], ['aspectj'], 'compiler')
([2], [3153, 1480, 2969, 981, 1643, 1043, 3869, 3674, 224, 2914, 2603, 3151, 1720, 2618, 242], ['aspectj'], 'compiler')
([84, 85, 86, 87, 88, 89, 90, 91, 92, 93, 94, 3, 96, 97, 19, 99, 100, 36, 76, 20], [1929, 2475, 34, 356, 1124, 2140, 1426, 2505, 1306, 73, 367, 1706, 4120, 1156, 2306], ['aspectj'], 'compiler')
([104], [3912, 3231, 1082, 2854, 2602, 1464, 3716, 2544, 980, 3342, 3409, 3215, 991, 3874, 3673], ['aspectj'], 'compiler')
([106], [2848, 3322, 2863, 3706, 1475, 1608, 2623, 1948, 1014, 3353, 3676, 1812, 2357], ['aspectj'], 'compiler')
([107], [3231, 93, 1929, 2196, 3523, 2741, 2305, 3008, 681, 2210, 4081, 4082, 2213, 2214], ['aspectj'], 'compiler')
([108], [1456, 2193, 3775, 1515, 3305, 2801, 3508, 4143, 3595, 1850, 1929, 1249, 1250, 4262, 587], ['aspectj'], 'compiler')
([109, 110, 111, 27], [316, 4128, 3231, 1929, 1643, 3158, 2811, 1948, 3595, 3673, 1851, 2801, 2508, 1535, 3072], ['aspectj'], 'compiler')
([115, 116], [3231, 2208, 2180, 4003, 4004, 92, 21, 1929, 2196, 4072, 1749, 210, 2490, 3303, 729], ['aspectj'], 'compiler')
([9, 123, 3, 125, 126, 27], [1456, 201, 3057, 4276, 311, 2855, 3119, 777, 103, 129, 1199, 3409, 2956, 2116, 1603], ['aspectj'], 'compiler')
([131], [969, 3991, 2581, 1596, 1929, 2740, 1321, 994, 1603, 2420, 797, 2881, 3932, 3157, 210], ['aspectj'], 'compiler')
([7, 9, 41, 137, 138, 139, 68, 4, 142, 143, 144, 145, 5, 147, 30], [3782, 2469, 1395, 1929, 2196, 2740, 3373, 1413, 1675, 2752, 46, 52, 1684, 1955, 3282], ['aspectj'], 'compiler')
([149, 150, 30, 22, 153], [2536, 120, 1929, 2196, 1484, 1948, 3676, 52, 2694, 4010], ['aspectj'], 'compiler')
([88], [930, 2727, 582, 1913, 1643, 601, 2013, 2234, 1929, 2196, 2478, 1104, 3527, 589, 3262], ['aspectj'], 'compiler')
([155, 4, 157], [1913, 2854, 2405, 2798, 1929, 3092, 718, 1112, 2353, 1603, 1335, 729, 2222, 1273, 3467], ['aspectj'], 'compiler')
([159], [1456, 3322, 2596, 1462, 2355, 1846, 922, 1317, 4141, 3814, 1929, 3927, 2196], ['aspectj'], 'compiler')
([160], [1456, 2786, 2115, 2340, 2798, 4213, 3984, 2283, 3252, 739, 3072, 2741, 4167, 1335, 2415], ['aspectj'], 'compiler')
([7, 5], [3324, 2116, 3778, 2540, 1532, 4213, 3706, 3984, 785, 1749, 3409, 2941, 3373, 3412, 797], ['aspectj'], 'compiler')
([144], [766, 4129, 1938, 1526, 1515, 3955, 743, 3252, 1164, 3595, 1929, 2801, 3336, 2196], ['aspectj'], 'compiler')
([160], [352, 510, 1336, 2299, 991, 239, 3806, 2910, 3904, 2694, 3984, 4015, 3750, 3373], ['aspectj'], 'compiler')
([7, 168], [2848, 1379, 3852, 3231, 3984, 2179, 495, 1462, 3055, 256, 1531, 3398, 1929, 2803, 2935], ['aspectj'], 'compiler')
([169], [1169, 2272, 375, 1530, 2670, 2798, 3984, 3720, 2548, 3795, 2873, 3604, 1860, 201, 3806], ['aspectj'], 'compiler')
([171], [1456, 246, 1524, 3231, 390, 1530, 3720, 118, 4213, 4141, 3166, 1929, 652, 2508, 2482], ['aspectj'], 'compiler')
([172, 157], [1456, 3115, 2757, 2403, 4060, 1594, 3595, 1929, 2801, 2867, 2914, 1542, 201, 3750, 1374], ['aspectj'], 'compiler')
([88], [1456, 2964, 3231, 2854, 114, 2860, 1929, 1403, 1538, 1260, 309, 1698, 4003, 3677, 415], ['aspectj'], 'compiler')
([104], [2786, 114, 980, 461, 2290, 352, 2296, 2692, 1556, 2562, 1816, 3092, 1618, 3409, 1442], ['aspectj'], 'compiler')
([7, 177, 179], [356, 679, 2694, 3812, 1797, 4181], ['aspectj'], 'compiler')
([181, 182, 184, 185, 186, 187, 188, 189], [2848, 4115, 1929, 356, 858, 3409, 1403, 1052, 1447, 4090, 3813, 1425, 3568, 2083, 2435], ['aspectj'], 'compiler')
([192, 193], [1456, 2465, 1530, 1929, 3337, 1734, 2196, 4148, 687, 3676, 795, 1872, 52, 2694, 214], ['aspectj'], 'compiler')
([], [2581, 1456, 346, 2862, 2562, 3409, 1948, 633, 2301, 1902, 1013, 3932, 1600], ['aspectj'], 'compiler')
([], [1456, 3984, 1462, 1594, 4141, 259, 652, 1852, 1403, 3932, 2596, 4285, 3409, 2875, 1602], ['aspectj'], 'compiler')
([196, 197, 198, 199, 201], [1538, 3231, 2115, 1455, 568, 737, 3706, 3719, 1044, 2873, 3057, 788, 3934, 2623, 1260], ['aspectj'], 'compiler')
([], [1456, 2332, 1123, 1515, 2494, 2801, 3449, 2508, 3595, 3068, 1929, 3402, 2677], ['aspectj'], 'compiler')
([], [2050, 2786, 510, 88, 1594, 3706, 1929, 4144, 68, 513, 2677, 2126, 2741, 128, 1030], ['aspectj'], 'compiler')
([187], [2848, 3231, 2851, 2834, 1317, 1734, 1594, 3398, 652, 1044, 129, 4224, 2067, 350, 2811], ['aspectj'], 'compiler')
([9, 11], [1456, 1025, 843, 3231, 2176, 3116, 1548, 3379, 2927, 1888, 1204, 3311, 3595, 3000, 3864], ['aspectj'], 'compiler')
([211, 212], [1456, 3769, 571, 3231, 1033, 2927, 777, 825, 1929, 2866, 2741, 233, 2685, 3732, 1198], ['aspectj'], 'compiler')
([9], [1456, 3054, 2333, 3446, 3172, 777, 4213, 715, 652, 3930, 2741, 278, 1257, 3373, 3871], ['aspectj'], 'compiler')
([9, 11, 216], [3860, 1394, 3984, 3529, 201, 2555, 2419, 4003, 1678, 2497, 2692, 3614, 2567, 542, 3099], ['aspectj'], 'compiler')
([217, 218, 219, 220], [3322, 3053, 3778, 113, 2059, 1970, 3331, 2773, 3884, 922, 1096, 3273, 3984, 652, 2196], ['aspectj'], 'compiler')
([221, 219], [444, 2786, 582, 1645, 1462, 1587, 973, 3448, 4213, 3984, 2283, 1856, 3409, 2875, 991], ['aspectj'], 'compiler')
([225, 226, 212], [3075, 1456, 299, 1945, 1618, 2651, 1033, 729, 3673, 2306, 3977, 1594, 3706, 1929, 2914], ['aspectj'], 'compiler')
([228, 229, 196], [246, 2053, 3627, 1847, 2281, 3595, 1578, 1658, 4218, 267, 1138], ['aspectj'], 'compiler')
([231, 232, 212, 234, 147], [3231, 2459, 3830, 849, 3516, 1929, 3964, 2196, 3523, 2741, 1112, 3373, 869, 2215], ['aspectj'], 'compiler')
([236, 237, 238, 123, 240, 241, 242, 243, 244, 245, 246, 247], [316, 1086, 2541, 3706, 1483, 3409, 201, 795, 3750, 210, 2144, 631, 2819, 1138, 2375], ['aspectj'], 'compiler')
([248, 212], [1456, 1877, 839, 4268, 112, 2603, 824, 118, 4141, 1929, 2801, 2449, 3601, 1960, 2131], ['aspectj'], 'compiler')
([250, 19], [3231, 644, 2854, 3253, 2927, 3178, 4140, 2452, 3092, 3151, 516, 2131, 3409, 2488, 210], ['aspectj'], 'compiler')
([252], [2459, 1199, 866, 352, 1419, 1953, 1128, 2758, 1138, 1698, 3029, 2518, 618, 3396, 1976], ['aspectj'], 'compiler')
([253, 254], [4048, 318, 1912, 2283, 1530, 2670, 1594, 3231, 3595, 1929, 2801, 2196, 4262, 2131, 2875], ['aspectj'], 'compiler')
([255, 256], [3920, 777, 3595, 2544, 1929, 2801, 2284, 2867, 2914, 201, 3673, 2035, 805, 143, 145], ['aspectj'], 'compiler')
([257, 212, 126, 150, 261, 153], [1456, 4048, 1929, 3595, 1180, 2801, 3554, 4262, 1943, 2222, 1052, 4237, 475, 415, 631], ['aspectj'], 'compiler')
([264, 265, 212], [2786, 3916, 3917, 1515, 4282, 3595, 1929, 2801, 759, 3262, 2486, 727, 4080, 729, 3543], ['aspectj'], 'compiler')
([267, 268, 219], [2848, 3322, 3203, 582, 3778, 3448, 1970, 2773, 2670, 922, 3273, 3984, 652, 2196, 2741], ['aspectj'], 'compiler')
([27], [3231, 2737, 2208, 2220, 1391, 1652, 1929, 3255, 1935, 1937, 3262, 3264, 2748, 3016, 970], ['aspectj'], 'compiler')
([], [1456, 3912, 3984, 510, 2677, 786, 2299, 797, 2138, 2139, 2301, 1051, 2694, 214, 1698], ['aspectj'], 'compiler')
([272, 212], [1456, 4258, 2332, 576, 1515, 3394, 2465, 2801, 4281, 1702, 328, 1530, 17, 2670, 1039], ['aspectj'], 'compiler')
([126, 27, 278, 279], [1456, 3114, 2466, 743, 1530, 777, 2544, 1929, 3720, 1403, 785, 2741, 197, 268, 201], ['aspectj'], 'compiler')
([33, 282, 212], [3231, 2396, 2854, 1465, 2252, 1791, 779, 3706, 1929, 2801, 513, 1044, 3362, 3409, 1860], ['aspectj'], 'compiler')
([7, 5], [1584, 3393, 4221, 134, 2215, 2141, 3545, 4311, 4167, 2694], ['aspectj'], 'compiler')
([61, 9, 88, 291], [401, 2875, 319, 1698, 523, 3758, 4120, 994, 3354, 1969, 2633, 2781, 1023, 2460], ['aspectj'], 'compiler')
([22, 36], [1822, 2082, 1572, 2052, 2158, 3873, 3119, 1706, 1406, 494, 729, 2705, 3631, 2476, 3168], ['aspectj'], 'compiler')
([296, 297], [1456, 3322, 2596, 3648, 2466, 2084, 1037, 413, 4216, 2966, 2677], ['aspectj'], 'compiler')
([298, 299], [2623, 1881, 1643, 2382, 1968, 4234, 998, 2389, 2916, 3750, 3850], ['aspectj'], 'compiler')
([301, 302, 303, 304, 305, 306], [1780, 246, 3595, 1929, 982, 859, 131, 2293, 2692, 4039, 3616, 2306, 2362, 73, 1073], ['aspectj'], 'compiler')
([138, 3, 309, 4, 234, 142, 125, 144, 5, 316, 147, 2, 150, 30, 278, 157, 279, 22, 325, 76, 153, 328, 256, 189, 331], [1456, 2392, 2393, 2117, 2603, 1530, 17, 3706, 1929, 397, 3252, 719, 1112, 1603, 2841], ['aspectj'], 'compiler')
([333, 334, 335, 212, 147], [1721, 4171, 2786, 860, 1913, 2854, 3394, 1929, 3595, 1179, 2545, 2801, 1734, 4291, 1188], ['aspectj'], 'compiler')
([338, 339], [315, 17, 1929, 1100, 3796, 2335, 3945, 2223, 1426, 2508, 1138, 1962, 73, 3436, 2254], ['aspectj'], 'compiler')
([340, 27], [3, 1913, 1643, 2754, 2989, 1691, 3507, 2732, 22, 1929, 1664, 3890, 1123, 729], ['aspectj'], 'compiler')
([342], [1522, 1929, 1724, 3717, 255, 3984, 2866, 3801, 2685, 595, 870, 3806, 1678, 1121, 1419], ['aspectj'], 'compiler')
([61, 9, 88, 347, 350, 125, 189, 353], [1456, 639, 852, 2788, 251, 1680, 2163, 1462, 2229, 1035, 3681, 1530, 117, 922, 3984], ['aspectj'], 'compiler')
([221, 355, 267, 219], [1137, 2875, 991, 3955, 2403, 1283, 3984, 3720, 1355, 3898], ['aspectj'], 'compiler')
([358, 359, 360, 212, 256, 363], [3444, 2854, 2055, 2798, 3984, 3928, 399, 3076, 3676, 2692, 2560, 2631, 143, 214, 631], ['aspectj'], 'compiler')
([364, 365, 212, 254], [1456, 316, 3231, 2596, 2403, 1929, 2196, 1475, 517, 3409, 1741, 2811, 2071, 3673, 729], ['aspectj'], 'compiler')
([368, 369, 370, 234, 59], [1835, 3231, 3854, 2116, 67, 2782, 415, 4141, 3706, 1929, 2196, 3181, 3932, 4148, 2147], ['aspectj'], 'compiler')
([375, 212, 27], [1078, 3232, 4050, 93, 1929, 2196, 4075, 4076, 2485, 348, 4081, 4082, 352, 2850, 4085], ['aspectj'], 'compiler')
([378, 379, 125], [1456, 1913, 1317, 3595, 1929, 2801, 3597, 3598, 2222, 211, 415, 2306, 2954, 3467, 73], ['aspectj'], 'compiler')
([381, 382, 212], [1456, 702, 3231, 3003, 969, 3446, 1916, 3595, 652, 1573, 2741, 787, 657, 3489, 1738], ['aspectj'], 'compiler')
([384, 212, 27], [2394, 2115, 1913, 1515, 431, 3119, 3120, 4282, 2260, 118, 4213, 3595, 3942, 1929, 2801], ['aspectj'], 'compiler')
([387], [3706, 3469, 2685, 1726, 3599, 498, 3676, 959, 2800, 3151, 2429, 1976, 900], ['aspectj'], 'compiler')
([187], [2848, 246, 3324, 2786, 2834, 573, 3409, 2419, 352, 3673, 2692, 1554, 284, 679, 2092], ['aspectj'], 'compiler')
([390, 391, 392, 393], [1456, 1642, 3446, 2798, 1929, 2283, 341, 3601, 1112, 675, 1872, 352, 2627, 1199, 2692], ['aspectj'], 'compiler')
([81], [250, 2055, 1174, 4058, 1530, 1594, 4213, 3595, 1929, 2801, 3791, 2196, 1598, 4262, 3409], ['aspectj'], 'compiler')
([395, 396, 397, 398, 145, 147, 2], [1456, 3054, 2594, 2596, 3446, 2336, 2603, 2282, 3984, 652, 719, 1044, 1939, 357, 2420], ['aspectj'], 'compiler')
([402, 138, 4, 59, 406], [1929, 3720, 1737, 3409, 1112, 201, 3134, 1888, 3898, 541, 679, 86, 3750, 3635, 1451], ['aspectj'], 'compiler')
([407, 408, 409, 410, 411, 97, 413, 328, 256, 25], [1913, 1643, 3287, 1929, 1407, 1410, 1948, 4088, 729, 2140, 1425, 4098, 1698, 2496, 3305], ['aspectj'], 'compiler')
([217, 418, 419, 420, 219, 422], [1347, 843, 2458, 2927, 652, 3452, 3706, 2933, 1251, 1535, 3601, 3343, 3409, 2875, 4153], ['aspectj'], 'compiler')
([424], [246, 1456, 3231, 1170, 1033, 3506, 2859, 1793, 1929, 1249, 1931, 2682, 3409, 131, 675], ['aspectj'], 'compiler')
([425, 426, 427, 428], [4183, 1456, 1913, 1725, 823, 710, 2670, 3595, 1929, 2801, 512, 513, 2870, 3186, 2482], ['aspectj'], 'compiler')
([30, 22], [1241, 4136, 573, 455, 3720, 2618, 2741, 3074, 3157, 3262, 2013, 4006, 729, 253, 1343], ['aspectj'], 'compiler')
([431, 432, 395, 434, 435, 142, 396, 397, 398, 145, 2, 442, 96, 444, 445, 446, 410, 448, 150, 450, 451, 30, 453, 454, 278, 157, 279, 411, 97, 413, 22, 19, 463, 464, 465, 99, 467, 468, 100, 470, 471, 472, 325, 474, 475, 36, 76, 20, 479, 153, 65, 328, 483, 484, 256, 486, 487, 25, 38, 490, 491, 492, 493, 494, 495, 496, 497, 363, 499], [2981, 1456, 1836, 914, 1638, 3644, 2927, 1530, 257, 4285, 1929, 3092, 4148, 3342, 3409], ['aspectj'], 'compiler')
([256], [1860, 1451, 1004, 554, 4039, 3440, 3476, 1374, 2692, 4162, 763, 3673, 2798, 2914], ['aspectj'], 'compiler')
([502, 393], [2584, 522, 3471, 214, 2764, 974, 3676, 729, 4236, 3089, 3620], ['aspectj'], 'compiler')
([393, 97, 20, 328, 256], [3231, 4238, 2795, 649, 259, 2196, 399, 1749, 129, 3409, 2875, 2624, 1698, 3878, 1976], ['aspectj'], 'compiler')
([509, 511], [2848, 239, 915, 10, 1241, 3064, 3991, 4115, 352, 2797, 2470, 566, 3984, 1734, 2196], ['aspectj'], 'compiler')
([512, 7], [3231, 2015, 2460, 567, 573, 1929, 2740, 858, 3800, 3262, 349, 1123, 875], ['aspectj'], 'compiler')
([], [3322, 1456, 2788, 1745, 777, 957, 1372, 2798, 4232, 3676, 494], ['aspectj'], 'compiler')
([], [1456, 945, 1515, 2465, 712, 4284, 1929, 2677, 3696, 3531, 1113], ['aspectj'], 'compiler')
([], [1456, 2973, 1732, 1839, 2109, 3656, 1039, 1929, 652, 3005, 1884, 988, 2835, 4083, 4084], ['aspectj'], 'compiler')
([393], [1456, 1515, 712, 922, 1929, 2547, 3554, 3531, 1113, 3675, 4234], ['aspectj'], 'compiler')
([520, 521, 342, 523, 80, 81, 529], [3231, 582, 1083, 3782, 3001, 3252, 2196, 3157, 3801, 4090, 3025, 3817, 1137, 1698, 3555], ['aspectj'], 'compiler')
([80], [3262, 2508, 481, 4255, 1283, 902, 1546, 2306, 4177, 86, 3639, 2580], ['aspectj'], 'compiler')
([402, 532, 4], [201, 1913, 3237, 4057, 2098, 2733, 3252, 2064, 239, 3409, 1411, 1372, 4299, 2356, 1335], ['aspectj'], 'compiler')
([534, 509, 536], [1911, 10, 3506, 4004, 751, 1929, 2741, 672, 1110, 3801, 597, 1948, 356, 3548, 3819], ['aspectj'], 'compiler')
([537], [2484, 1616, 2239, 797, 3955, 3462, 3231, 2017, 1929, 1971, 1000], ['aspectj'], 'compiler')
([538], [559, 3231, 1913, 3783, 1091, 3445, 1079, 1929, 3798, 1668, 527, 3262, 1763, 2486, 2488], ['aspectj'], 'compiler')
([539, 126, 541], [316, 2594, 608, 1603, 740, 3147, 2959, 3761, 729, 210, 980, 4285, 2444, 1706, 808], ['aspectj'], 'compiler')
([542], [559, 1079, 1913, 1643, 4278, 3231, 1929, 2482, 3262, 1763, 2486, 2487, 2692, 2211, 2213], ['aspectj'], 'compiler')
([125, 406], [2466, 2196, 3523, 2741, 158, 2692, 2492, 1948, 4255, 4090, 2222, 4091, 2503], ['aspectj'], 'compiler')
([216], [2596, 1462, 4213, 3984, 287, 278, 401, 4205, 2555, 3943, 2074, 1419, 3092, 2694, 415], ['aspectj'], 'compiler')
([509], [981, 2793, 1929, 785, 2416, 3081, 1199, 3944, 1052, 1750, 3471, 2771, 2707, 1504, 1822], ['aspectj'], 'compiler')
([234, 446, 448, 550, 479, 484, 486, 487, 187, 557, 558], [1456, 634, 2118, 1272, 3050, 3673, 3440, 2618, 3619], ['aspectj'], 'compiler')
([559, 509, 561, 562, 563, 564, 565, 566, 567, 537, 5], [965, 1929, 916, 4111, 2538, 3924, 3372, 259, 2613, 3720, 785, 3409, 3977, 1257, 163], ['aspectj'], 'compiler')
([509, 563, 564, 573, 565], [2848, 259, 4134, 10, 1929, 3119, 1595, 3984, 511, 3407, 3668, 3409, 1215, 1860, 2419], ['aspectj'], 'compiler')
([252, 576], [4259, 3634, 415, 3155, 1267, 494, 10, 2652, 1068, 1530, 1514, 1594, 4303, 998, 3720], ['aspectj'], 'compiler')
([393, 579, 580, 3, 582, 583, 584, 145, 20, 587], [1456, 249, 1929, 1462, 3920, 1530, 2606, 3595, 458, 259, 1659, 1599, 3409, 2914, 201], ['aspectj'], 'compiler')
([589, 590, 591], [4045, 2598, 3231, 2460, 1913, 1643, 1033, 2601, 2927, 16, 2670, 3595, 1929], ['aspectj'], 'compiler')
([593, 393, 187], [2456, 3231, 10, 4056, 327, 3833, 1923, 3772, 333, 643, 3252, 2481, 1410, 1411], ['aspectj'], 'compiler')
([393], [3324, 3984, 1643, 3955, 978, 1929, 1250, 3995, 1537, 2131, 2685, 2419, 2811, 3415, 2222], ['aspectj'], 'compiler')
([534, 509], [106, 2099, 2460, 2354, 324, 2538, 4115, 2508, 3246, 1470, 3673, 3984, 3252, 717, 513], ['aspectj'], 'compiler')
([393, 602], [3231, 2927, 1285, 2673, 4066, 260, 3409, 1004, 724, 1041, 3873, 2966, 2306, 675], ['aspectj'], 'compiler')
([509, 187], [3912, 2848, 3231, 781, 2116, 2403, 4115, 1929, 2568, 795, 4155, 1888, 2627, 1199, 2692], ['aspectj'], 'compiler')
([605, 606, 607, 393, 582, 584, 611, 125], [501, 1835, 3231, 2786, 3587, 1914, 892, 1461, 3715, 2603, 847, 2798, 4048, 333, 4214], ['aspectj'], 'compiler')
([613, 614, 615, 616, 617, 393, 59], [1456, 359, 3587, 3855, 186, 1589, 1091, 3888, 3595, 1929, 2801, 2196, 2940, 2805, 3866], ['aspectj'], 'compiler')
([], [960, 4046, 995, 3231, 2173, 2184, 1008, 1929, 122, 2740, 3151, 3262, 3803], ['aspectj'], 'compiler')
([144], [559, 960, 4046, 4053, 1091, 751, 2741, 3262, 4082, 1118, 3420, 2227], ['aspectj'], 'compiler')
([160, 625, 626], [1456, 1945, 3955, 2798, 4213, 1469, 3984, 3719, 3252, 3143, 2875, 4155, 4039, 2152, 2954], ['aspectj'], 'compiler')
([628], [1822, 2290, 1573, 2975, 2440, 3676, 1580, 4142, 1052, 652, 3599, 2618, 3286], ['aspectj'], 'compiler')
([], [1456, 3322, 3773, 2853, 3651, 2791, 3119, 2927, 4063, 3595, 3706, 1929, 2196, 1976, 2449], ['aspectj'], 'compiler')
([633], [510, 2677, 2129, 1005, 2222, 3140, 1877, 3469, 1618], ['aspectj'], 'compiler')
([635, 636, 638, 639, 640, 626], [1456, 2270, 4274, 1458, 4050, 2116, 1515, 1825, 2927, 618, 2383, 3514, 779, 2062, 1929], ['aspectj'], 'compiler')
([509, 644, 645, 646, 647, 187], [2848, 1693, 514, 1961, 1698, 2099, 352, 757, 1124, 525, 3599, 679, 2798, 2386, 3984], ['aspectj'], 'compiler')
([628], [3231, 2720, 44, 1386, 569, 246, 317, 1884, 1929, 2195, 3523, 2741, 1406, 2744], ['aspectj'], 'compiler')
([651, 393, 27], [3231, 1913, 2991, 2196, 2741, 3262, 1948, 4090, 2222], ['aspectj'], 'compiler')
([27, 541], [3231, 2747, 1929, 3262, 1948, 729, 363, 1430, 3028, 2508, 1960], ['aspectj'], 'compiler')
([], [864, 2180, 3239, 3511, 109, 1399, 584, 1445, 1666, 672, 588, 4078, 2492, 3018, 1787], ['aspectj'], 'compiler')
([659, 566, 126, 27], [559, 4046, 3, 1008, 3233, 1913, 363, 4003, 2466, 2728, 1091, 2995, 789, 850], ['aspectj'], 'compiler')
([267], [2848, 3984, 2927, 2670, 3452, 2627, 1929, 853, 554, 2937, 2131, 3343], ['aspectj'], 'compiler')
([187], [2116, 2125, 3409, 1327, 201, 3134, 3672, 3673, 2301, 415, 3618, 4110, 3697, 1976, 3634], ['aspectj'], 'compiler')
([393, 584], [2848, 4203, 582, 4132, 2788, 2698, 2463, 2277, 1272, 1796, 3992, 1339, 1614, 3435], ['aspectj'], 'compiler')
([509, 669, 670, 566], [2786, 1462, 3121, 1530, 2798, 1028, 2611, 307, 3137, 3140, 1052, 879, 214, 4098, 746], ['aspectj'], 'compiler')
([628], [2115, 2819, 1842, 779, 1658, 4068, 522, 404], ['aspectj'], 'compiler')
([674, 675], [1456, 3984, 3960, 1466, 3706, 510, 2196, 3641, 1749, 3409, 3264, 347, 1116, 1808, 4255], ['aspectj'], 'compiler')
([676, 393, 138, 584], [246, 3647, 3231, 3169, 1913, 2854, 3118, 14, 1530, 2670, 1594, 1903, 3595, 1929, 3928], ['aspectj'], 'compiler')
([536, 681, 683], [84, 2786, 2374, 2116, 1032, 606, 1399, 2124, 4286, 2544, 781], ['aspectj'], 'compiler')
([393, 68, 582, 30], [1456, 3231, 1029, 2327, 2854, 2399, 1033, 3062, 2927, 2670, 2332, 3067, 3706, 1929, 2801], ['aspectj'], 'compiler')
([690], [1192, 2260, 239, 4036, 2467, 358, 4213, 547, 1425, 947, 2899, 214, 3341], ['aspectj'], 'compiler')
([484], [559, 4046, 2737, 4050, 1647, 2467, 1091, 93, 1929, 4070, 1404, 2522, 4164, 3262], ['aspectj'], 'compiler')
([267, 693, 694, 695, 696, 697], [3231, 2460, 3778, 2773, 1924, 1929, 2196, 4003, 4205, 2486, 3273, 3540, 4090, 4099, 1137], ['aspectj'], 'compiler')
([698, 696, 700], [1381, 2786, 3119, 1589, 394, 3252, 4213, 914, 3984, 652, 2196, 2804, 3409, 1543, 4299], ['aspectj'], 'compiler')
([68], [3912, 3231, 1929, 510, 2196, 1321, 1330, 1123, 2076, 2694, 2631], ['aspectj'], 'compiler')
([705, 706, 707, 97, 328], [501, 1456, 3231, 1235, 3587, 1515, 3394, 2780, 493, 118, 3595, 4214, 1929, 2801, 1183], ['aspectj'], 'compiler')
([710, 711, 707, 76], [1456, 3912, 249, 415, 564, 4134, 1033, 3955, 3976, 2670, 3595, 2544, 1929, 1659, 2196], ['aspectj'], 'compiler')
([707], [3682, 1033, 3955, 1960, 2670, 3595, 2544, 1929, 2801, 2196, 2677, 984, 3466, 2131, 3262], ['aspectj'], 'compiler')
([626], [4323, 3053, 3806, 1970, 3311, 3984, 2618, 3194, 3909, 631], ['aspectj'], 'compiler')
([406], [1026, 3984, 251, 2798, 1929, 4290, 2414, 1410, 201, 3806, 1888, 3673, 3676, 212, 415], ['aspectj'], 'compiler')
([582], [1907, 3231, 2115, 2116, 1033, 1285, 975, 2670, 777, 3595, 1929, 2801, 1475], ['aspectj'], 'compiler')
([], [4259, 1033, 2914, 825, 3489, 729, 52, 3316, 3492, 4285, 2618], ['aspectj'], 'compiler')
([316], [3305, 535, 3200, 3412, 2555, 1962, 3806, 2098, 4003, 4121, 1531, 1375, 3984, 2803, 476], ['aspectj'], 'compiler')
([], [1456, 3984, 1085, 3311, 1658, 1265, 750, 2304, 631, 3211], ['aspectj'], 'compiler')
([707, 567], [315, 3362, 4030, 2037, 2833, 1643, 3955, 2468, 3673, 3418, 3489, 1631, 4038, 2882, 224], ['aspectj'], 'compiler')
([729, 730, 731, 707], [1456, 969, 1033, 1929, 2740, 2882, 1976, 729, 1271, 415, 631, 1698, 73, 2894], ['aspectj'], 'compiler')
([733, 734, 735, 736, 707, 59], [3840, 2180, 56, 2249, 1715, 1929, 2196, 1403, 2741, 1205, 2743, 2484, 620, 1123, 146], ['aspectj'], 'compiler')
([41], [1456, 3388, 3987, 2466, 1592, 3993, 779, 3673, 652, 3521, 2234, 2810, 858, 3664, 2290], ['aspectj'], 'compiler')
([254], [1530, 3923, 3673, 2131, 2914, 796, 2627, 1199, 4080, 554, 143, 214, 631, 1755, 221], ['aspectj'], 'compiler')
([], [1456, 3231, 4093, 3513, 3325, 510, 228, 3554, 4218, 2677, 792, 2881], ['aspectj'], 'compiler')
([561, 743, 744, 707], [1169, 1529, 259, 644, 2854, 10, 2791, 3991, 777, 4213, 1039, 3984, 2115, 3384, 1403], ['aspectj'], 'compiler')
([746, 747, 707, 138], [607, 1238, 1460, 327, 1948, 1596, 3706, 1929, 4216, 2398, 4073, 3217, 3409], ['aspectj'], 'compiler')
([751, 752], [1929, 3394, 891, 1530, 2798, 3984, 2807, 1608, 1112, 3412, 403, 797, 1888, 1679, 464], ['aspectj'], 'compiler')
([754, 707, 5], [3231, 3276, 3875, 337, 1695, 2983, 3248, 3250, 3252, 339, 3870, 3799, 3262, 2486], ['aspectj'], 'compiler')
([758, 707], [3498, 4262, 2315, 573, 1620, 332, 1929, 2196, 2740, 2741, 1108, 1608, 2486], ['aspectj'], 'compiler')
([760, 761, 707, 5], [1913, 974, 4253, 1929, 2196, 1749, 3409, 1603, 729, 1491, 4305, 2505, 4014, 1276, 4242], ['aspectj'], 'compiler')
([707, 328], [3387, 706, 3983, 1913, 251, 3701, 3179, 120, 1929], ['aspectj'], 'compiler')
([707, 309, 768, 769], [2787, 1643, 2465, 2927, 3595, 1929, 3406, 794, 2419, 703, 4255, 3542, 2222, 214, 631], ['aspectj'], 'compiler')
([219, 80, 707], [1929, 311, 1530, 2798, 3984, 1250, 1798, 2618, 1405, 2596, 2938, 2418, 2420, 2692, 2222], ['aspectj'], 'compiler')
([582], [1979, 1929, 3955, 2927, 1039, 2544, 3984, 2196, 1475, 307, 2740, 129, 2623, 2875], ['aspectj'], 'compiler')
([707, 68, 777, 256], [1456, 3587, 1929, 2196, 2551, 1755, 2627, 2140, 2076, 1686, 2306, 1474, 675, 2436, 1211], ['aspectj'], 'compiler')
([160, 781, 782], [3984, 10, 1003, 2927, 3839, 1929, 513, 4167, 2623, 2685, 2694, 145, 1496, 3140, 3064], ['aspectj'], 'compiler')
([707, 76], [1456, 1169, 3834, 1033, 974, 3655, 1654, 779, 1929, 652, 2741, 3603, 2415, 675, 3632], ['aspectj'], 'compiler')
([], [1929, 2677, 2875, 1948, 3305, 3469, 1619], ['aspectj'], 'compiler')
([787, 788, 789, 707, 791], [1456, 239, 3446, 2927, 1718, 3513, 3554, 2677, 2740, 786, 3409], ['aspectj'], 'compiler')
([792, 793, 794, 795, 796, 797, 27, 406], [3471], ['aspectj'], 'compiler')
([139, 68], [1522, 1026, 3955, 2603, 1530, 348, 4213, 1475, 809, 1603, 2694, 143, 880, 4098, 2309], ['aspectj'], 'compiler')
([316], [2466, 1922, 4255, 3757, 1953, 363, 365, 76], ['aspectj'], 'compiler')
([], [3153, 3231, 1929, 2329, 1789, 2605, 3963, 3067, 3984, 2196, 2677, 4167], ['aspectj'], 'compiler')
([41], [2115, 2712, 1592, 4213, 2283, 3720, 2484, 1048, 1257, 1260, 991, 597, 45, 1199, 4090], ['aspectj'], 'compiler')
([796, 807], [559, 3513, 1929, 2196, 2201, 1419, 2508, 3292, 612, 73], ['aspectj'], 'compiler')
([243], [4202, 2115, 1913, 44, 2880, 1929, 2801, 3991, 3720, 3067, 770, 2283, 2280, 3930], ['aspectj'], 'compiler')
([809, 810, 811, 393, 125], [1835, 2115, 1248, 779, 3252, 399, 2740, 4220, 4291, 596, 1948, 3750], ['aspectj'], 'compiler')
([3, 126], [1456, 2786, 1643, 1530, 3069, 4291, 1603, 2854, 2085, 2077, 4098, 68, 2633, 1698, 4105], ['aspectj'], 'compiler')
([818, 819, 820, 821, 822, 823, 824, 825, 826, 796, 567], [1456, 1026, 3955, 1589, 3966, 2544, 1929, 2866, 2940, 2484, 2914, 2686, 2294, 473, 3676], ['aspectj'], 'compiler')
([829, 2], [1456, 1835, 3231, 2596, 1913, 2650, 2466, 2603, 115, 3578, 1592, 758, 3452, 3453, 1929], ['aspectj'], 'compiler')
([796, 832, 567, 254], [1206, 897, 3409, 411, 239, 1371, 3977, 729, 52, 4213, 1698, 2632], ['aspectj'], 'compiler')
([836, 837, 838, 584], [1085, 2465, 1404, 2596, 1946, 352, 707, 1948, 1123, 3817, 2508], ['aspectj'], 'compiler')
([], [1456, 504, 922, 3554, 3368, 3409, 1860, 963, 3940, 3157, 3465], ['aspectj'], 'compiler')
([561], [2301, 10, 1033, 1530, 456, 1929, 652, 2196, 3617, 3409, 1860, 2685, 3924, 597, 2013], ['aspectj'], 'compiler')
([843, 844, 845, 707, 567, 848], [3231, 2465, 1929, 2196, 3523, 2741, 82, 2207, 1948, 4090, 2222, 2503], ['aspectj'], 'compiler')
([849, 212, 27], [1908, 3231, 19, 1929, 2196, 3262, 2320, 1116, 2262, 1948, 1123, 729, 1426, 2503, 2505], ['aspectj'], 'compiler')
([509, 853, 796], [2460, 10, 4115, 1929, 1973, 3409, 2013, 2692, 2697, 1360, 1755, 2956, 679, 2771, 4184], ['aspectj'], 'compiler')
([243, 339, 247], [1822, 1877, 2786, 3676, 3471, 352, 239, 677, 3599, 504, 3143, 1052, 281], ['aspectj'], 'compiler')
([147], [3231, 1642, 114, 2470, 4213, 652, 2867, 925, 3456, 1044, 3728, 4080, 4090, 2076, 214], ['aspectj'], 'compiler')
([520, 342], [421, 3409, 3231, 1112, 1785, 1698, 3555, 2652, 2537, 1161, 1744, 1204, 2895, 2641, 4255], ['aspectj'], 'compiler')
([534, 862, 863, 864, 865], [1380, 3231, 2834, 858, 3262, 697, 1137, 2508, 1138, 70], ['aspectj'], 'compiler')
([], [1584, 10, 3591, 1530, 2434, 3984, 4167, 129, 2555, 2420, 1948, 1976], ['aspectj'], 'compiler')
([41, 42], [1456, 1137, 1965, 4120, 969, 2466, 1592, 2562, 2969, 3984, 1874, 2648, 963, 1720], ['aspectj'], 'compiler')
([796, 567, 59, 406], [4065, 3231, 56, 1929, 2741, 3262, 1112, 1948, 356, 1698, 73], ['aspectj'], 'compiler')
([873, 874, 796, 125, 144], [316, 2674, 4133, 1840, 3305, 3119, 281, 3578, 3807, 2309, 2191, 3984, 3720, 4167, 3187], ['aspectj'], 'compiler')
([], [236, 2785, 1457, 249, 3326, 4272, 252, 2081, 2801, 2268, 1530, 17, 3861, 3398, 333], ['aspectj'], 'compiler')
([], [1456, 922, 1929, 2677, 1269, 214, 1877, 3855, 3469, 541], ['aspectj'], 'compiler')
([880, 796, 406], [647, 1008, 2854, 1462, 3252, 3231, 3595, 652, 399, 356, 1042, 521, 1196], ['aspectj'], 'compiler')
([187], [3231, 3006, 2060, 2544, 513, 1855, 929, 2875, 3673, 3542, 2020, 631, 2633, 3615, 2241], ['aspectj'], 'compiler')
([884, 796, 24], [1456, 2222, 387, 2534, 2296, 3955, 2741, 3717, 777, 566, 3595, 1929, 2196, 3599, 273], ['aspectj'], 'compiler')
([888, 889], [3229, 3231, 1080, 4050, 1913, 1396, 1929, 858, 1668, 3262, 4082, 1787, 1948, 1123, 206], ['aspectj'], 'compiler')
([890, 888], [1456, 922, 333, 120, 1929, 3262, 1195, 2076], ['aspectj'], 'compiler')
([796, 59], [1995, 3991, 3672, 2798, 779, 2475, 2623, 3740, 3871, 1872, 352, 471, 3528, 867, 1550], ['aspectj'], 'compiler')
([9, 895, 888], [1026, 2594, 3231, 777, 2343, 2197, 1341, 4190, 2207, 2047, 2296], ['aspectj'], 'compiler')
([897, 898, 888, 628], [1286, 4064, 1492, 2196, 1407, 4006, 2486, 1948, 1123, 3552, 2508, 1698], ['aspectj'], 'compiler')
([888, 139], [696, 1456, 3231, 1929, 353, 630, 1033, 3557, 974, 1530, 3122, 3123, 1695, 1137, 3984], ['aspectj'], 'compiler')
([888, 904], [1456, 1522, 2786, 4134, 1515, 2927, 3457, 3706, 1929, 2196, 588, 3262, 4080, 3878, 3750], ['aspectj'], 'compiler')
([27], [2723, 1909, 3231, 169, 2742, 204, 2371, 2772, 1910, 850, 1939, 1948, 356, 1421, 1953], ['aspectj'], 'compiler')
([], [1456, 2332, 1528, 2927, 2730, 2196, 652, 1251, 1044, 2027, 1860, 405, 3417, 3471, 2301], ['aspectj'], 'compiler')
([125], [3231, 1393, 1929, 344, 3360, 3801, 1943, 1948, 4090, 1426, 530, 1960, 3555, 73, 2512], ['aspectj'], 'compiler')
([911, 912, 913, 888], [3231, 251, 3589, 10, 1462, 2793, 3991, 1315, 1530, 980, 3984, 652, 1251, 2553, 4167], ['aspectj'], 'compiler')
([86], [2727, 26, 2196, 3528, 3801, 1137, 1698, 3031, 4110, 4116, 1976, 374, 1160], ['aspectj'], 'compiler')
([916, 888, 59], [559, 2716, 1640, 2737, 4050, 1913, 4046, 1919, 1091, 93, 2470, 1008, 1165, 1929], ['aspectj'], 'compiler')
([509, 888, 921, 541, 187], [316, 2332, 3057, 1073, 4248, 116, 118, 2786, 259, 356, 3182, 2677, 3339, 1044, 3602], ['aspectj'], 'compiler')
([924, 925, 566, 125, 187], [2848, 4127, 1929, 2116, 2650, 10, 2540, 1094, 4213, 2610, 3984, 3440, 3720, 3072, 129], ['aspectj'], 'compiler')
([], [1913, 1643, 3245, 1929, 3252, 2196, 352, 707, 4090, 1706, 2225, 4098, 3288, 1137, 3356], ['aspectj'], 'compiler')
([9, 932, 41, 42, 137, 393, 566, 944], [3409, 1137, 131, 2633, 1864, 2652, 1860, 1976, 2769, 2961, 143, 3634, 4268, 896, 438], ['aspectj'], 'compiler')
([945, 888, 145], [1456, 2260, 4215, 3556, 2927, 3716, 3595, 2544, 1929, 3596, 1250, 2131, 1859, 201, 4255], ['aspectj'], 'compiler')
([681], [3167, 1382, 169, 563, 1913, 50, 2992, 2993, 2945, 2470, 3831, 1730, 2196, 2741, 3880], ['aspectj'], 'compiler')
([509, 562, 888, 187], [2596, 2788, 2854, 3984, 2553, 4223, 2067, 201, 3134, 2070, 3672, 356, 357, 4232, 2569], ['aspectj'], 'compiler')
([536, 956, 957, 958], [2042, 3772, 2045, 3810, 338, 408, 2488, 2573, 1300], ['aspectj'], 'compiler')
([536, 956], [2919, 3231, 582, 968, 251, 1241, 4115, 777, 1802, 3409, 36, 201, 1949, 1871, 3878], ['aspectj'], 'compiler')
([238, 240, 241, 964, 965, 966, 888], [2133, 3469, 1611, 611, 3752, 690, 4057, 471, 4006, 1609, 2301, 2196, 822, 4195, 652], ['aspectj'], 'compiler')
([534], [2848, 1026, 3457, 2083, 2116, 104, 504, 1530, 3450, 1929, 652, 3092, 3409], ['aspectj'], 'compiler')
([888, 397, 398, 690], [1822, 3143, 2596, 1913, 3716, 1414, 2696, 3440, 2384, 1888, 4006, 3676, 2798, 2694, 1052], ['aspectj'], 'compiler')
([973, 974, 975, 976, 977, 888, 582], [2786, 3595, 2544, 1929, 3262, 2207, 3347, 524], ['aspectj'], 'compiler')
([981, 580, 582, 583, 145, 587], [3231, 2741, 2196, 3524, 3262, 2207, 1948, 1419, 3278, 3980, 2508, 1138, 73], ['aspectj'], 'compiler')
([611, 988], [508, 2544, 498, 2875], ['aspectj'], 'compiler')
([989, 139, 126], [510, 1913, 1515, 2927, 4213, 3595, 3706, 1929, 1099, 2196, 3603, 809, 3801, 2811, 3750], ['aspectj'], 'compiler')
([993, 994, 995, 888, 256], [1913, 251, 3573, 2927, 259, 1250, 2196, 654, 3258, 2131, 3262, 3531, 1603, 2854, 3129], ['aspectj'], 'compiler')
([999, 888], [3912, 3231, 1515, 3394, 2465, 1842, 976, 2434, 3595, 1850, 1929, 1249, 652, 2508, 264], ['aspectj'], 'compiler')
([564, 647], [1835, 2460, 2116, 1643, 1462, 3119, 2403, 1948, 652, 307, 3409, 1542, 1368, 3873, 991], ['aspectj'], 'compiler')
([1003, 1004, 529, 454], [2647, 1603, 2555, 3555, 2427, 1678, 1298, 1199, 1929, 3847], ['aspectj'], 'compiler')
([1007, 888, 904], [960, 4046, 995, 1008, 4049, 2154, 320, 2181, 3077, 2563, 3577, 3579, 2197, 3352], ['aspectj'], 'compiler')
([1011, 1012, 1013, 1014, 1015, 888, 1, 24, 537], [247, 2116, 3987, 1462, 3119, 1530, 1929, 261, 786, 4167, 3409, 201, 1604, 471, 3750], ['aspectj'], 'compiler')
([1021, 888], [2848, 1137, 463, 2927, 956, 2798, 4213, 3595, 2544, 3984, 652, 2131, 2939, 3346, 4080], ['aspectj'], 'compiler')
([1023, 1024, 888, 126], [3230, 597, 1555, 3394, 2927, 1948, 3595, 1929, 1748, 926, 3405, 4147, 656], ['aspectj'], 'compiler')
([1027, 509, 9, 11, 42], [2786, 1667, 10, 2927, 1929, 3720, 2699, 991, 597, 3672, 1976, 4090, 1693, 3984, 2633], ['aspectj'], 'compiler')
([1033, 1034, 796, 139, 68, 584, 1039, 491, 1041], [129, 2432, 3409, 214, 1451, 2436, 72, 2764, 4320, 777, 3047, 3977, 729, 3847, 652], ['aspectj'], 'compiler')
([796, 446], [327, 1032, 1399, 1759, 488, 941, 1787, 729, 3394, 4098], ['aspectj'], 'compiler')
([567, 145], [1456, 1077, 251, 1594, 652, 3409, 3624, 3871, 2854, 3671, 2627, 2692, 729, 4098, 2023], ['aspectj'], 'compiler')
([1047, 1048, 888], [3305, 3706, 2196, 2677, 3409, 1948, 729], ['aspectj'], 'compiler')
([1051], [1929, 2196, 2677, 4167, 1948, 631, 1877], ['aspectj'], 'compiler')
([1052, 1053, 566, 234, 59, 5], [1929, 3938, 2315, 3180, 3329, 3720, 1912, 3409, 130, 2009, 3134, 46, 3673, 3676, 3355], ['aspectj'], 'compiler')
([888], [4119, 3739, 3676, 2973, 4003, 2692, 1124, 1072, 2914, 652, 281, 1734, 278], ['aspectj'], 'compiler')
([212], [246, 1456, 1929, 1913, 251, 2180, 2465, 2801, 4107, 2815, 2798, 456, 1039, 3984, 2283], ['aspectj'], 'compiler')
([509, 1062, 1063, 1064, 187], [2854, 2834, 4115, 3634, 1318, 3934, 3409, 1327, 1411, 1372, 3134, 2811, 597, 3750, 994], ['aspectj'], 'compiler')
