[(1574, 100), (1538, 100)]
[(1622, 100), (2907, 100)]
[(841, 100), (649, 100)]
[]
[(2840, 100), (2193, 100)]
[(2710, 100), (1153, 100)]
[(355, 100), (1025, 100)]
[(2296, 100), (2890, 100)]
[(2830, 100), (2002, 100)]
[(2337, 100), (1147, 100)]
[(342, 100), (2990, 100)]
[(1764, 100), (785, 100)]
[(2088, 100), (107, 100)]
[(245, 100), (1864, 100)]
[(2296, 100), (2890, 100)]
[(1812, 100), (107, 100)]
[(355, 100), (1682, 100)]
[(1344, 100), (1574, 100)]
[(1234, 100), (2066, 100)]
[]
[(1777, 100), (1609, 100)]
[(2190, 100), (1993, 100)]
[(861, 100), (1372, 100)]
[(205, 100), (2296, 100)]
[(1360, 100), (810, 100)]
[]
[(2160, 100), (2819, 100)]
[(1196, 100), (431, 100)]
[(2547, 100), (2296, 100)]
[(194, 100), (2296, 100)]
[(208, 100), (2308, 100)]
[(2193, 100), (1579, 100)]
[(107, 100), (679, 100)]
[(2296, 100), (2890, 100)]
[(2296, 100), (2020, 100)]
[(107, 100), (2474, 100)]
[(1925, 100), (2208, 100)]
[(2334, 100), (2878, 100)]
[(2155, 100), (1579, 100)]
[]
[(705, 100), (2723, 100)]
[(1363, 100), (2296, 100)]
[(1710, 100), (25, 100)]
[(1675, 100), (3038, 100)]
[(1958, 100), (107, 100)]
[(643, 100), (2641, 100)]
[(1260, 100), (107, 100)]
[(1411, 100), (2296, 100)]
[(2296, 100), (2258, 100)]
[(2890, 100), (2446, 100)]
[(1592, 100), (819, 100)]
[]
[(2296, 100), (1635, 100)]
[]
[(1363, 100), (2296, 100)]
[(1682, 100), (1574, 100)]
[(2193, 100), (834, 100)]
[(1266, 100), (136, 100)]
[(2048, 100), (1896, 100)]
[(2523, 100), (2840, 100)]
[(2334, 100), (1372, 100)]
[(2296, 100), (2890, 100)]
[(2257, 100), (1423, 100)]
[(2193, 100), (1579, 100)]
[(121, 100), (1859, 100)]
[(2844, 100), (1579, 100)]
[(1602, 100), (2296, 100)]
[(684, 100), (2122, 100)]
[(410, 100), (1466, 100)]
[(2258, 100), (1579, 100)]
[(1078, 100), (2220, 100)]
[(1625, 100), (340, 100)]
[(684, 100), (1084, 100)]
[(1574, 100), (339, 100)]
[(2690, 100), (1083, 100)]
[(785, 100), (2553, 100)]
[(2840, 100), (227, 100)]
[(1405, 100), (2171, 100)]
[(2641, 100), (2020, 100)]
[(2296, 100), (527, 100)]
[(1335, 100), (2698, 100)]
[(1363, 100), (2890, 100)]
[(2667, 100), (819, 100)]
[(1700, 100), (1575, 100)]
[(1836, 100), (2307, 100)]
[(384, 100), (1764, 100)]
[(1050, 100), (935, 100)]
[(1016, 100), (819, 100)]
[(1571, 100), (1574, 100)]
[(1075, 100), (2327, 100)]
[(963, 100), (1615, 100)]
[(1844, 100), (2296, 100)]
[]
[(107, 100), (2721, 100)]
[(29, 100), (2335, 100)]
[(1574, 100), (1613, 100)]
[(2736, 100), (1013, 100)]
[(2830, 100), (2629, 100)]
[(1876, 100), (107, 100)]
[(2710, 100), (2667, 100)]
[(2375, 100), (1075, 100)]
[(1401, 100), (2407, 100)]
[(1917, 100), (1018, 100)]
[(206, 100), (1405, 100)]
[(1411, 100), (162, 100)]
[(95, 100), (1805, 100)]
[(969, 100), (363, 100)]
[(1026, 100), (1035, 100)]
[(2558, 100), (388, 100)]
[(82, 100), (2236, 100)]
[(107, 100), (1519, 100)]
[(2690, 100), (1083, 100)]
[(2463, 100), (1574, 100)]
[(2840, 100), (2193, 100)]
[(194, 100), (2296, 100)]
[(107, 100), (1574, 100)]
[(194, 100), (2296, 100)]
[(1097, 100), (2558, 100)]
[(107, 100), (1574, 100)]
[(1645, 100), (1111, 100)]
[(2298, 100), (107, 100)]
[(1224, 100), (1506, 100)]
[(107, 100), (1574, 100)]
[(2296, 100), (1371, 100)]
[(802, 100), (1574, 100)]
[(2296, 100), (1574, 100)]
[]
[(2296, 100), (2170, 100)]
[(1569, 100), (1856, 100)]
[(2296, 100), (113, 100)]
[(1764, 100), (854, 100)]
[(1579, 100), (684, 100)]
[(107, 100), (1460, 100)]
[(107, 100), (2641, 100)]
[(974, 100), (1264, 100)]
[(593, 100), (107, 100)]
[(62, 100), (1253, 100)]
[(601, 100), (114, 100)]
[(2280, 100), (1958, 100)]
[(2193, 100), (2220, 100)]
[(2368, 100), (1604, 100)]
[(107, 100), (2736, 100)]
[(1405, 100), (949, 100)]
[(2736, 100), (2258, 100)]
[(1574, 100), (331, 100)]
[]
[(594, 100), (2608, 100)]
[(1864, 100), (2268, 100)]
[(1260, 100), (2520, 100)]
[(2296, 100), (2020, 100)]
[(1405, 100), (552, 100)]
[(2719, 100), (1589, 100)]
[(2898, 100), (1579, 100)]
[(107, 100), (966, 100)]
[(643, 100), (1260, 100)]
[(1884, 100), (427, 100)]
[(2989, 100), (1574, 100)]
[(2375, 100), (1075, 100)]
[(1409, 100), (1405, 100)]
[(3014, 100), (1806, 100)]
[]
[(1506, 100), (1171, 100)]
[(2337, 100), (2338, 100)]
[(107, 100), (2736, 100)]
[]
[(303, 100), (1355, 100)]
[(1071, 100), (2359, 100)]
[(1506, 100), (1579, 100)]
[(1002, 100), (1682, 100)]
[(194, 100), (2296, 100)]
[]
[(156, 100), (1075, 100)]
[(1352, 100), (2296, 100)]
[(1642, 100), (2862, 100)]
[(1959, 100), (780, 100)]
[(1089, 100), (1014, 100)]
[(2337, 100), (388, 100)]
[(818, 100), (1075, 100)]
[(3036, 100), (2107, 100)]
[(1954, 100), (2193, 100)]
[(2047, 100), (2107, 100)]
[(2335, 100), (2220, 100)]
[(1574, 100), (711, 100)]
[(1092, 100), (2840, 100)]
[(1579, 100), (547, 100)]
[(2337, 100), (1448, 100)]
[(821, 100), (107, 100)]
[(2840, 100), (3016, 100)]
[(2710, 100), (1548, 100)]
[(1579, 100), (2112, 100)]
[(452, 100), (1196, 100)]
[(1671, 100), (2736, 100)]
[(1760, 100), (1075, 100)]
[(3017, 100), (961, 100)]
[(1405, 100), (2727, 100)]
[(2336, 100), (1586, 100)]
[(1405, 100), (1362, 100)]
[(1260, 100), (643, 100)]
[(428, 100), (2593, 100)]
[]
[(2549, 100), (2500, 100)]
[(107, 100), (1574, 100)]
[]
[(441, 100), (2365, 100)]
[(355, 100), (1574, 100)]
[(230, 100), (107, 100)]
[(2523, 100), (2840, 100)]
[(2337, 100), (2613, 100)]
[(954, 100), (1404, 100)]
[(1801, 100), (718, 100)]
[(1410, 100), (2296, 100)]
[(812, 100), (2218, 100)]
[(1215, 100), (1581, 100)]
[(29, 100), (388, 100)]
[(2022, 100), (1649, 100)]
[(2527, 100), (1504, 100)]
[(1705, 100), (1958, 100)]
[(1352, 100), (2296, 100)]
[(1522, 100), (2296, 100)]
[(1958, 100), (1830, 100)]
[(2736, 100), (1041, 100)]
[(1819, 100), (239, 100)]
[]
[(107, 100), (1574, 100)]
[(757, 100), (1432, 100)]
[(1785, 100), (2701, 100)]
[(2098, 100), (2910, 100)]
[]
[(1293, 100), (2892, 100)]
[(124, 100), (1682, 100)]
[(1372, 100), (1851, 100)]
[(2258, 100), (1405, 100)]
[(1569, 100), (1511, 100)]
[(1703, 100), (194, 100)]
[(1075, 100), (2800, 100)]
[(700, 100), (2782, 100)]
[(7, 100), (2738, 100)]
[(1958, 100), (2667, 100)]
[(1397, 100), (684, 100)]
[(1574, 100), (1897, 100)]
[(2840, 100), (2193, 100)]
[(254, 100), (2844, 100)]
[(2671, 100), (510, 100)]
[(2296, 100), (2890, 100)]
[(143, 100), (2498, 100)]
[(107, 100), (1574, 100)]
[(441, 100), (2066, 100)]
[(2701, 100), (1742, 100)]
[(1372, 100), (1579, 100)]
[(2257, 100), (2003, 100)]
[(1494, 100), (1999, 100)]
[(1958, 100), (107, 100)]
[]
[]
[(1742, 100), (2145, 100)]
[(107, 100), (2736, 100)]
[(1579, 100), (1767, 100)]
[(1764, 100), (2258, 100)]
[]
[(2296, 100), (1574, 100)]
[(2296, 100), (1510, 100)]
[(107, 100), (1108, 100)]
[(1372, 100), (2736, 100)]
[(7, 100), (1271, 100)]
[(1574, 100), (263, 100)]
[(962, 100), (1999, 100)]
[(205, 100), (2840, 100)]
[(2296, 100), (1533, 100)]
[(1363, 100), (2296, 100)]
[(660, 100), (546, 100)]
[(2608, 100), (519, 100)]
[]
[(239, 100), (2641, 100)]
[(1361, 100), (2989, 100)]
[(2220, 100), (684, 100)]
[(541, 100), (2337, 100)]
[(335, 100), (107, 100)]
[(2258, 100), (281, 100)]
[(890, 100), (2840, 100)]
[(2254, 100), (2480, 100)]
[(107, 100), (1196, 100)]
[(2249, 100), (2296, 100)]
[(2250, 100), (2510, 100)]
[(1405, 100), (1767, 100)]
[(2667, 100), (2699, 100)]
[(1075, 100), (1064, 100)]
[(2539, 100), (1889, 100)]
[(1574, 100), (3000, 100)]
[(1405, 100), (2193, 100)]
[(1958, 100), (1537, 100)]
[(3090, 100), (145, 100)]
[(498, 100), (643, 100)]
[]
[(194, 100), (2296, 100)]
[(606, 100), (107, 100)]
[(2025, 100), (2736, 100)]
[]
[(1700, 100), (755, 100)]
[(107, 100), (447, 100)]
[(2098, 100), (2296, 100)]
[(2608, 100), (2645, 100)]
[(2296, 100), (2890, 100)]
[(2825, 100), (436, 100)]
[(1363, 100), (2296, 100)]
[(1363, 100), (2296, 100)]
[(781, 100), (2862, 100)]
[(887, 100), (2781, 100)]
[(1506, 100), (2107, 100)]
[(309, 100), (107, 100)]
[]
[(1569, 100), (181, 100)]
[(2296, 100), (1574, 100)]
[(819, 100), (845, 100)]
[(2258, 100), (2335, 100)]
[(2296, 100), (2020, 100)]
[(2296, 100), (2890, 100)]
[(2118, 100), (1925, 100)]
[(182, 100), (2519, 100)]
[(2296, 100), (2066, 100)]
[(2809, 100), (1767, 100)]
[(2667, 100), (107, 100)]
[(107, 100), (2862, 100)]
[(2422, 100), (1925, 100)]
[(2335, 100), (1574, 100)]
[(315, 100), (747, 100)]
[(1764, 100), (1427, 100)]
[(2356, 100), (2107, 100)]
[(2939, 100), (7, 100)]
[(1036, 100), (1083, 100)]
[(2840, 100), (223, 100)]
[(2551, 100), (848, 100)]
[(107, 100), (2577, 100)]
[(194, 100), (832, 100)]
[(1767, 100), (2138, 100)]
[(2840, 100), (1579, 100)]
[(725, 100), (610, 100)]
[(1190, 100), (1579, 100)]
[(1636, 100), (2258, 100)]
[(107, 100), (1505, 100)]
[(2296, 100), (2890, 100)]
[(2862, 100), (112, 100)]
[(194, 100), (2296, 100)]
[(2044, 100), (2107, 100)]
[(806, 100), (2736, 100)]
[(392, 100), (1075, 100)]
[(2296, 100), (103, 100)]
[(1251, 100), (1190, 100)]
[(2501, 100), (374, 100)]
[(2924, 100), (1405, 100)]
[(1279, 100), (2166, 100)]
[(2296, 100), (822, 100)]
[(2337, 100), (1982, 100)]
[(918, 100), (21, 100)]
[]
[(2258, 100), (1957, 100)]
[(107, 100), (1136, 100)]
[(2667, 100), (107, 100)]
[(1388, 100), (2002, 100)]
[]
[(2485, 100), (705, 100)]
[(1902, 100), (2107, 100)]
[(974, 100), (1999, 100)]
[(2296, 100), (299, 100)]
[(930, 100), (340, 100)]
[(2296, 100), (2890, 100)]
[(107, 100), (1918, 100)]
[(752, 100), (2908, 100)]
[(2817, 100), (2862, 100)]
[(1405, 100), (2193, 100)]
[(696, 100), (107, 100)]
[(2337, 100), (785, 100)]
[(2296, 100), (1574, 100)]
[(1414, 100), (1022, 100)]
[(1925, 100), (131, 100)]
[(1828, 100), (1075, 100)]
[(1978, 100), (1756, 100)]
[(2296, 100), (2862, 100)]
[(2193, 100), (2830, 100)]
[(2840, 100), (1075, 100)]
[(841, 100), (646, 100)]
[(1762, 100), (2253, 100)]
[(2296, 100), (2506, 100)]
[]
[(1574, 100), (3076, 100)]
[]
[(1574, 100), (435, 100)]
[(470, 100), (107, 100)]
[(793, 100), (2155, 100)]
[(107, 100), (1409, 100)]
[(684, 100), (2840, 100)]
[(366, 100), (3038, 100)]
[(2296, 100), (2020, 100)]
[(1073, 100), (961, 100)]
[(2296, 100), (1341, 100)]
[(849, 100), (1569, 100)]
[(2862, 100), (336, 100)]
[(409, 100), (1005, 100)]
[(2840, 100), (2193, 100)]
[(194, 100), (2296, 100)]
[(2736, 100), (1045, 100)]
[(1405, 100), (1084, 100)]
[(704, 100), (1745, 100)]
[(1185, 100), (2675, 100)]
[(2736, 100), (2608, 100)]
[(1579, 100), (1993, 100)]
[(2762, 100), (107, 100)]
[(2258, 100), (2337, 100)]
[(1464, 100), (983, 100)]
[(2296, 100), (1837, 100)]
[(2296, 100), (623, 100)]
[(2601, 100), (2220, 100)]
[(1363, 100), (2890, 100)]
[(2422, 100), (1925, 100)]
[(1075, 100), (1921, 100)]
[(805, 100), (1851, 100)]
[(2258, 100), (237, 100)]
[(583, 100), (1574, 100)]
[(1502, 100), (1579, 100)]
[(769, 100), (2497, 100)]
[(2107, 100), (2949, 100)]
[(2779, 100), (1405, 100)]
[(1579, 100), (2607, 100)]
[(2232, 100), (2088, 100)]
[(107, 100), (2258, 100)]
[(1574, 100), (1849, 100)]
[(2107, 100), (1579, 100)]
[(1902, 100), (2107, 100)]
[(2193, 100), (1075, 100)]
[(1579, 100), (2220, 100)]
[(2766, 100), (2258, 100)]
[(1653, 100), (300, 100)]
[(1404, 100), (1579, 100)]
[(1993, 100), (2220, 100)]
[(2296, 100), (1357, 100)]
[(1165, 100), (724, 100)]
[(585, 100), (1993, 100)]
[(2175, 100), (2257, 100)]
[(162, 100), (2712, 100)]
[(107, 100), (1574, 100)]
[(2774, 100), (2997, 100)]
[(2296, 100), (2890, 100)]
[(658, 100), (1083, 100)]
[(933, 100), (1171, 100)]
[(2048, 100), (1896, 100)]
[(2736, 100), (2608, 100)]
[(1405, 100), (684, 100)]
[(107, 100), (2849, 100)]
[(1742, 100), (1075, 100)]
[(1606, 100), (2736, 100)]
[(2296, 100), (1579, 100)]
[(1260, 100), (1915, 100)]
[(1620, 100), (2608, 100)]
[(2296, 100), (820, 100)]
[(1506, 100), (2107, 100)]
[(2485, 100), (705, 100)]
[(950, 100), (2562, 100)]
[(1852, 100), (75, 100)]
[(684, 100), (1579, 100)]
[(1668, 100), (2107, 100)]
[(130, 100), (2431, 100)]
[(284, 100), (24, 100)]
[(2258, 100), (1306, 100)]
[(2258, 100), (2337, 100)]
[(2020, 100), (1271, 100)]
[(1266, 100), (441, 100)]
[(1767, 100), (677, 100)]
[(931, 100), (715, 100)]
[(2840, 100), (2193, 100)]
[(2220, 100), (684, 100)]
[(2396, 100), (1893, 100)]
[(743, 100), (3090, 100)]
[(684, 100), (2337, 100)]
[(1466, 100), (2512, 100)]
[(1625, 100), (340, 100)]
[(2296, 100), (2890, 100)]
[(111, 100), (1917, 100)]
[]
[(2334, 100), (1372, 100)]
[(194, 100), (2296, 100)]
[(1962, 100), (1466, 100)]
[(1075, 100), (2948, 100)]
[(107, 100), (2796, 100)]
[(2981, 100), (1506, 100)]
[(1075, 100), (1495, 100)]
[(819, 100), (2117, 100)]
[(753, 100), (785, 100)]
[(1704, 100), (1579, 100)]
[(2465, 100), (1272, 100)]
[(2718, 100), (1398, 100)]
[]
[(1632, 100), (1750, 100)]
[(349, 100), (2736, 100)]
[]
[(1405, 100), (1075, 100)]
[(1787, 100), (1574, 100)]
[(1405, 100), (750, 100)]
[(340, 100), (2736, 100)]
[(819, 100), (2296, 100)]
[(1251, 100), (1767, 100)]
[(2862, 100), (1574, 100)]
[(2296, 100), (2890, 100)]
[(38, 100), (396, 100)]
[(3045, 100), (1579, 100)]
[(107, 100), (1574, 100)]
[(2296, 100), (2020, 100)]
[(659, 100), (2335, 100)]
[(2220, 100), (1606, 100)]
[(2840, 100), (1767, 100)]
[]
[(2890, 100), (107, 100)]
[(643, 100), (722, 100)]
[(2398, 100), (1075, 100)]
[(2608, 100), (2040, 100)]
[(1579, 100), (1993, 100)]
[(2209, 100), (819, 100)]
[(2392, 100), (437, 100)]
[(3073, 100), (1372, 100)]
[(1444, 100), (891, 100)]
[(162, 100), (107, 100)]
[(684, 100), (2840, 100)]
[]
[]
[(72, 100), (1405, 100)]
[(1981, 100), (3053, 100)]
[(2258, 100), (2244, 100)]
[(228, 100), (1579, 100)]
[(1579, 100), (2489, 100)]
[(107, 100), (1266, 100)]
[(107, 100), (1814, 100)]
[(1741, 100), (2258, 100)]
[(1260, 100), (1007, 100)]
[(2340, 100), (1850, 100)]
[(1257, 100), (1129, 100)]
[(1138, 100), (2608, 100)]
[(107, 100), (2474, 100)]
[]
[(2296, 100), (1719, 100)]
[(2340, 100), (968, 100)]
[(2296, 100), (2862, 100)]
[(1196, 100), (1574, 100)]
[(1075, 100), (904, 100)]
[(2459, 100), (438, 100)]
[(2531, 100), (2258, 100)]
[(2440, 100), (2285, 100)]
[(448, 100), (2558, 100)]
[(2627, 100), (2492, 100)]
[(11, 100), (819, 100)]
[(2193, 100), (2220, 100)]
[(2258, 100), (2763, 100)]
[(1920, 100), (1579, 100)]
[(704, 100), (1745, 100)]
[(1962, 100), (2736, 100)]
[(2048, 100), (617, 100)]
[(1369, 100), (1039, 100)]
[(1537, 100), (1126, 100)]
[(1958, 100), (1742, 100)]
[(2906, 100), (1540, 100)]
[(1301, 100), (1962, 100)]
[(1579, 100), (2093, 100)]
[(1925, 100), (2448, 100)]
[(1075, 100), (2258, 100)]
[(1317, 100), (1701, 100)]
[(194, 100), (2296, 100)]
[(107, 100), (30, 100)]
[(1574, 100), (78, 100)]
[(1341, 100), (2048, 100)]
[(2667, 100), (107, 100)]
[(2275, 100), (94, 100)]
[(2337, 100), (2193, 100)]
[(1167, 100), (2860, 100)]
[(2220, 100), (1851, 100)]
[(518, 100), (1629, 100)]
[(1574, 100), (2680, 100)]
[(955, 100), (107, 100)]
[(2296, 100), (133, 100)]
[(1954, 100), (2591, 100)]
[(1607, 100), (1405, 100)]
[(793, 100), (1143, 100)]
[(680, 100), (1574, 100)]
[(2056, 100), (2608, 100)]
[(107, 100), (153, 100)]
[(483, 100), (2755, 100)]
[(130, 100), (785, 100)]
[(1405, 100), (1579, 100)]
[(2998, 100), (2862, 100)]
[(1916, 100), (1866, 100)]
[(1404, 100), (1168, 100)]
[(1993, 100), (2220, 100)]
[(635, 100), (1574, 100)]
[(107, 100), (2700, 100)]
[(1502, 100), (1579, 100)]
[(107, 100), (2871, 100)]
[(107, 100), (2736, 100)]
[(107, 100), (1814, 100)]
[(1789, 100), (2814, 100)]
[(360, 100), (1271, 100)]
[(392, 100), (1075, 100)]
[(1958, 100), (1537, 100)]
[(1469, 100), (1571, 100)]
[(2177, 100), (1574, 100)]
[(139, 100), (1506, 100)]
[(590, 100), (2200, 100)]
[(2135, 100), (1857, 100)]
[(107, 100), (2600, 100)]
[(643, 100), (933, 100)]
[(205, 100), (2840, 100)]
[(1372, 100), (2736, 100)]
[(1519, 100), (2258, 100)]
[(1813, 100), (684, 100)]
[(2840, 100), (2493, 100)]
[]
[(2031, 100), (107, 100)]
[(355, 100), (1679, 100)]
[]
[(2193, 100), (2220, 100)]
[(2107, 100), (1405, 100)]
[]
[(58, 100), (1534, 100)]
[(1925, 100), (2630, 100)]
[(107, 100), (676, 100)]
[(785, 100), (2536, 100)]
[(344, 100), (1372, 100)]
[(338, 100), (1648, 100)]
[(2258, 100), (587, 100)]
[(2007, 100), (107, 100)]
[(643, 100), (1260, 100)]
[(1993, 100), (2220, 100)]
[(136, 100), (2107, 100)]
[(107, 100), (2258, 100)]
[(1366, 100), (2866, 100)]
[(2141, 100), (2635, 100)]
[(2193, 100), (1075, 100)]
[(2505, 100), (2334, 100)]
[(1601, 100), (1574, 100)]
[(1405, 100), (684, 100)]
[(1556, 100), (2664, 100)]
[(2219, 100), (1288, 100)]
[(2840, 100), (1579, 100)]
[(643, 100), (2296, 100)]
[(1741, 100), (2258, 100)]
[(2378, 100), (1579, 100)]
[(107, 100), (1574, 100)]
[(2862, 100), (1574, 100)]
[(1511, 100), (2551, 100)]
[(2667, 100), (107, 100)]
[(1993, 100), (2220, 100)]
[(107, 100), (1574, 100)]
[(2335, 100), (2334, 100)]
[(1511, 100), (1083, 100)]
[(41, 100), (768, 100)]
[(2296, 100), (627, 100)]
[(1048, 100), (1411, 100)]
[(2842, 100), (2597, 100)]
[(2155, 100), (2107, 100)]
[(3084, 100), (2258, 100)]
[(2048, 100), (1405, 100)]
[(917, 100), (2736, 100)]
[(2048, 100), (300, 100)]
[(1632, 100), (107, 100)]
[(2494, 100), (2697, 100)]
[(240, 100), (1958, 100)]
[(3063, 100), (3030, 100)]
[(2296, 100), (2890, 100)]
[(2523, 100), (1075, 100)]
[(1511, 100), (869, 100)]
[(1012, 100), (185, 100)]
[(2875, 100), (2736, 100)]
[(364, 100), (2296, 100)]
[(2258, 100), (2051, 100)]
[(1687, 100), (2422, 100)]
[(2296, 100), (75, 100)]
[(607, 100), (1083, 100)]
[(2422, 100), (1925, 100)]
[(1035, 100), (2296, 100)]
[(2107, 100), (684, 100)]
[(391, 100), (414, 100)]
[(1405, 100), (2519, 100)]
[(2950, 100), (1692, 100)]
[(2736, 100), (2738, 100)]
[(2155, 100), (2608, 100)]
[(927, 100), (388, 100)]
[]
[(1405, 100), (460, 100)]
[(1742, 100), (1815, 100)]
[(2220, 100), (684, 100)]
[(2220, 100), (684, 100)]
[(2745, 100), (1033, 100)]
[]
[(107, 100), (1171, 100)]
[(2241, 100), (66, 100)]
[(890, 100), (763, 100)]
[(107, 100), (1266, 100)]
[(107, 100), (1574, 100)]
[(107, 100), (1574, 100)]
[(194, 100), (2296, 100)]
[(448, 100), (1251, 100)]
[(107, 100), (2666, 100)]
[(2631, 100), (526, 100)]
[(1341, 100), (1372, 100)]
[(2107, 100), (1405, 100)]
[(1617, 100), (1579, 100)]
[]
[]
[(1075, 100), (1495, 100)]
[]
[(2258, 100), (1275, 100)]
[(2337, 100), (2378, 100)]
[(2193, 100), (1265, 100)]
[(718, 100), (278, 100)]
[(2296, 100), (2890, 100)]
[(1580, 100), (2633, 100)]
[(1799, 100), (2296, 100)]
[(853, 100), (194, 100)]
[(2667, 100), (107, 100)]
[(2427, 100), (2239, 100)]
[(2474, 100), (2258, 100)]
[(2216, 100), (736, 100)]
[(684, 100), (1742, 100)]
[(370, 100), (388, 100)]
[(136, 100), (978, 100)]
[(1429, 100), (350, 100)]
[(1047, 100), (238, 100)]
[(2774, 100), (2288, 100)]
[(2840, 100), (1128, 100)]
[(1569, 100), (3030, 100)]
[]
[(1716, 100), (2760, 100)]
[(1925, 100), (2208, 100)]
[(2032, 100), (1742, 100)]
[(107, 100), (1574, 100)]
[(2623, 100), (1574, 100)]
[(194, 100), (2296, 100)]
[(107, 100), (2736, 100)]
[(1574, 100), (966, 100)]
[(2830, 100), (2952, 100)]
[(3027, 100), (867, 100)]
[(1437, 100), (2296, 100)]
[]
[(1574, 100), (1003, 100)]
[(1649, 100), (908, 100)]
[(2810, 100), (1579, 100)]
[(763, 100), (1266, 100)]
[(1372, 100), (793, 100)]
[(2840, 100), (2387, 100)]
[(107, 100), (3044, 100)]
[(2840, 100), (2107, 100)]
[(116, 100), (2714, 100)]
[]
[(2622, 100), (406, 100)]
[(1767, 100), (1993, 100)]
[(2193, 100), (2830, 100)]
[(2296, 100), (1266, 100)]
[(107, 100), (1574, 100)]
[(2193, 100), (1506, 100)]
[(2445, 100), (1075, 100)]
[(1237, 100), (2296, 100)]
[(690, 100), (107, 100)]
[(1260, 100), (2736, 100)]
[(2736, 100), (137, 100)]
[(107, 100), (2048, 100)]
[(1349, 100), (753, 100)]
[(348, 100), (2912, 100)]
[(1733, 100), (1007, 100)]
[(2193, 100), (1075, 100)]
[(1892, 100), (2736, 100)]
[(1190, 100), (1579, 100)]
[(658, 100), (1574, 100)]
[(390, 100), (2258, 100)]
[(2296, 100), (2736, 100)]
[(1251, 100), (2220, 100)]
[(2062, 100), (388, 100)]
[(684, 100)]
[(1994, 100), (2203, 100)]
[(719, 100), (1631, 100)]
[(817, 100), (2258, 100)]
[(1105, 100), (2128, 100)]
[(1405, 100), (2484, 100)]
[(1007, 100), (1446, 100)]
[(2025, 100), (2736, 100)]
[(1962, 100), (771, 100)]
[(107, 100), (2020, 100)]
[(2107, 100), (1902, 100)]
[(1405, 100), (2334, 100)]
[(440, 100), (75, 100)]
[(72, 100), (1405, 100)]
[(1954, 100), (2193, 100)]
[(2708, 100), (2850, 100)]
[(2928, 100), (1937, 100)]
[(194, 100), (2296, 100)]
[(1579, 100), (1016, 100)]
[(1363, 100), (2296, 100)]
[(1902, 100), (1405, 100)]
[(107, 100), (2933, 100)]
[(2258, 100), (3050, 100)]
[(1979, 100), (1767, 100)]
[(1166, 100), (1574, 100)]
[(2258, 100), (403, 100)]
[(940, 100), (1925, 100)]
[]
[(2840, 100), (1579, 100)]
[(1405, 100), (2976, 100)]
[(974, 100), (1359, 100)]
[(557, 100), (170, 100)]
[(1502, 100), (2220, 100)]
[(2736, 100), (1579, 100)]
[(1314, 100), (2351, 100)]
[(1993, 100)]
[(684, 100), (2337, 100)]
[(2455, 100), (107, 100)]
[(1075, 100), (2736, 100)]
[(1955, 100), (1925, 100)]
[(2193, 100), (2220, 100)]
[(1405, 100), (684, 100)]
[(1352, 100), (2901, 100)]
[(2220, 100), (684, 100)]
[(2296, 100), (203, 100)]
[(1075, 100), (1233, 100)]
[(2193, 100), (1163, 100)]
[(194, 100), (2296, 100)]
[(1550, 100), (763, 100)]
[(2632, 100), (405, 100)]
[(1363, 100), (2296, 100)]
[(1363, 100), (2296, 100)]
[(340, 100), (2208, 100)]
[(420, 100), (2258, 100)]
[(1579, 100), (684, 100)]
[(793, 100), (2378, 100)]
[(1574, 100), (2687, 100)]
[(1724, 100), (1574, 100)]
[(2296, 100), (1574, 100)]
[(107, 100), (700, 100)]
[(2862, 100), (2461, 100)]
[(522, 100), (51, 100)]
[(2020, 100), (1271, 100)]
[(194, 100), (2296, 100)]
[(2107, 100), (2608, 100)]
[(3048, 100), (989, 100)]
[(516, 100), (2925, 100)]
[(1569, 100), (2296, 100)]
[(791, 100), (1579, 100)]
[(2592, 100), (563, 100)]
[(2107, 100), (2258, 100)]
[(1776, 100), (1579, 100)]
[(1958, 100), (2041, 100)]
[(2523, 100), (2574, 100)]
[(949, 100), (2563, 100)]
[(2008, 100), (305, 100)]
[(3092, 100), (785, 100)]
[(684, 100), (1579, 100)]
[(684, 100), (168, 100)]
[(2736, 100), (1041, 100)]
[(1574, 100), (1977, 100)]
[(2107, 100), (2258, 100)]
[(1958, 100), (107, 100)]
[]
[(2092, 100), (2731, 100)]
[(814, 100), (1767, 100)]
[(1574, 100), (579, 100)]
[]
[(2220, 100), (684, 100)]
[(1739, 100), (2658, 100)]
[(182, 100), (2519, 100)]
[(2187, 100), (185, 100)]
[(2296, 100), (2258, 100)]
[(2296, 100), (2258, 100)]
[]
[]
[(342, 100), (1405, 100)]
[]
[(107, 100), (2849, 100)]
[(2739, 100), (2667, 100)]
[(1858, 100), (2841, 100)]
[(2834, 100), (107, 100)]
[(890, 100), (635, 100)]
[(2557, 100), (668, 100)]
[(3047, 100), (1519, 100)]
[(1802, 100), (2416, 100)]
[(1764, 100), (1925, 100)]
[(1075, 100), (145, 100)]
[(2337, 100), (2436, 100)]
[(2840, 100), (2258, 100)]
[(1082, 100), (2840, 100)]
[(2736, 100), (882, 100)]
[(471, 100), (1344, 100)]
[(357, 100), (1405, 100)]
[(2337, 100), (1506, 100)]
[(205, 100), (1502, 100)]
[(2718, 100), (1398, 100)]
[(1579, 100), (2220, 100)]
[(1558, 100), (1574, 100)]
[(2949, 100), (1993, 100)]
[(2476, 100), (8, 100)]
[(56, 100), (1579, 100)]
[(1072, 100), (107, 100)]
[(2107, 100), (1718, 100)]
[(14, 100), (1405, 100)]
[(1075, 100), (2327, 100)]
[(2840, 100), (98, 100)]
[(839, 100), (2220, 100)]
[(2296, 100), (2890, 100)]
[(718, 100), (2250, 100)]
[(1083, 100), (1111, 100)]
[(107, 100), (1409, 100)]
[(1433, 100), (1847, 100)]
[(2496, 100), (3029, 100)]
[(2862, 100), (648, 100)]
[(783, 100), (2739, 100)]
[(1269, 100), (2736, 100)]
[(1405, 100), (2727, 100)]
[]
[(415, 100), (854, 100)]
[(2193, 100), (2155, 100)]
[(1214, 100), (1282, 100)]
[(1405, 100), (2334, 100)]
[(863, 100), (2584, 100)]
[(1094, 100), (1831, 100)]
[(2840, 100), (142, 100)]
[(2570, 100), (107, 100)]
[(2935, 100), (1506, 100)]
[(1075, 100), (1506, 100)]
[(2107, 100), (2155, 100)]
[(1602, 100), (699, 100)]
[(2887, 100), (1289, 100)]
[(1954, 100), (2193, 100)]
[(2296, 100), (2890, 100)]
[(1190, 100), (195, 100)]
[(2296, 100), (75, 100)]
[(107, 100), (827, 100)]
[(2337, 100), (2387, 100)]
[(2422, 100), (2337, 100)]
[(2296, 100), (1654, 100)]
[(2296, 100), (2890, 100)]
[(1502, 100), (1016, 100)]
[(1405, 100), (2483, 100)]
[(107, 100), (1171, 100)]
[(1405, 100), (168, 100)]
[(2098, 100), (2193, 100)]
[(1057, 100), (2475, 100)]
[(107, 100), (2474, 100)]
[(1638, 100), (1075, 100)]
[(1434, 100), (2155, 100)]
[(1764, 100), (1925, 100)]
[(2472, 100), (2984, 100)]
[(1579, 100), (1769, 100)]
[(2522, 100), (2862, 100)]
[(719, 100), (3061, 100)]
[(1430, 100), (933, 100)]
[(1747, 100), (2694, 100)]
[(785, 100), (1606, 100)]
[(1434, 100), (2155, 100)]
[(2296, 100), (2890, 100)]
[(2523, 100), (793, 100)]
[(2922, 100), (162, 100)]
[(107, 100), (1574, 100)]
[(2840, 100), (1341, 100)]
[(155, 100), (1579, 100)]
[(2294, 100), (494, 100)]
[(1272, 100), (2334, 100)]
[(1406, 100), (2296, 100)]
[(333, 100), (107, 100)]
[]
[(763, 100), (107, 100)]
[(194, 100), (819, 100)]
[(838, 100), (2018, 100)]
[(2780, 100), (748, 100)]
[(713, 100), (1083, 100)]
[(2667, 100), (107, 100)]
[(1405, 100), (43, 100)]
[(1607, 100), (1060, 100)]
[(1574, 100), (2824, 100)]
[]
[(1574, 100), (925, 100)]
[(2828, 100), (2334, 100)]
[(2296, 100), (1579, 100)]
[(107, 100), (1574, 100)]
[(1732, 100), (2296, 100)]
[(720, 100), (2862, 100)]
[(2898, 100), (1579, 100)]
[(2220, 100), (2723, 100)]
[(136, 100), (2615, 100)]
[(1405, 100), (684, 100)]
[(946, 100), (819, 100)]
[(1417, 100), (107, 100)]
[(2448, 100), (2337, 100)]
[(107, 100), (2849, 100)]
[(2466, 100), (1741, 100)]
[(2296, 100), (1184, 100)]
[(793, 100), (80, 100)]
[(2193, 100), (2830, 100)]
[(2296, 100), (1983, 100)]
[(2811, 100), (1579, 100)]
[(2608, 100), (1752, 100)]
[(107, 100), (2478, 100)]
[(2220, 100), (388, 100)]
[(3003, 100), (2235, 100)]
[(2667, 100), (107, 100)]
[(2608, 100), (210, 100)]
[(1614, 100), (2258, 100)]
[(1579, 100), (785, 100)]
[(2523, 100), (1579, 100)]
[(1742, 100), (2193, 100)]
[(2373, 100), (718, 100)]
[(107, 100), (1171, 100)]
[]
[(2296, 100), (2220, 100)]
[(2725, 100), (107, 100)]
[(1266, 100), (112, 100)]
[(144, 100), (1738, 100)]
[(2095, 100), (1350, 100)]
[(107, 100), (2849, 100)]
[(684, 100), (2107, 100)]
[(136, 100), (790, 100)]
[(3082, 100), (1261, 100)]
[]
[(402, 100), (2107, 100)]
[(2021, 100), (1569, 100)]
[(68, 100), (2279, 100)]
[(1276, 100), (459, 100)]
[(2221, 100), (2754, 100)]
[(1493, 100), (107, 100)]
[(2840, 100), (2193, 100)]
[(2793, 100), (2667, 100)]
[(1579, 100), (399, 100)]
[(2092, 100), (1849, 100)]
[(2296, 100), (2989, 100)]
[(1579, 100), (2453, 100)]
[(2296, 100), (2890, 100)]
[(2048, 100), (1896, 100)]
[(698, 100), (2271, 100)]
[(194, 100), (1541, 100)]
[(107, 100), (136, 100)]
[(107, 100), (2736, 100)]
[(2736, 100), (882, 100)]
[(107, 100), (1664, 100)]
[(2736, 100), (2076, 100)]
[(2632, 100), (718, 100)]
[(1075, 100), (2375, 100)]
[]
[(2272, 100), (2808, 100)]
[(1764, 100), (2414, 100)]
[(133, 100), (2263, 100)]
[(1958, 100), (941, 100)]
[(2296, 100), (2402, 100)]
[(856, 100), (2107, 100)]
[(1836, 100), (1111, 100)]
[(81, 100), (2258, 100)]
[(2748, 100), (2334, 100)]
[(998, 100), (2881, 100)]
[(2020, 100), (2750, 100)]
[(1012, 100), (2155, 100)]
[(2458, 100), (1405, 100)]
[(2632, 100), (1974, 100)]
[(2840, 100), (1945, 100)]
[(2887, 100), (2307, 100)]
[(2258, 100), (2335, 100)]
[(319, 100), (3042, 100)]
[(1764, 100), (1341, 100)]
[(724, 100), (1574, 100)]
[(1905, 100), (388, 100)]
[(670, 100), (3085, 100)]
[(107, 100), (1574, 100)]
[(120, 100), (2296, 100)]
[(2993, 100), (2639, 100)]
[(819, 100), (845, 100)]
[(2225, 100), (793, 100)]
[(1606, 100), (2736, 100)]
[(223, 100), (145, 100)]
[(2193, 100), (2107, 100)]
[(1363, 100), (2296, 100)]
[(1015, 100), (1506, 100)]
[(1352, 100), (2109, 100)]
[(719, 100), (1506, 100)]
[(2287, 100), (2103, 100)]
[(2387, 100), (2107, 100)]
[(2313, 100), (728, 100)]
[(979, 100), (28, 100)]
[(2092, 100), (388, 100)]
[(990, 100), (1415, 100)]
[(2373, 100), (785, 100)]
[(1277, 100), (1574, 100)]
[(1784, 100), (2193, 100)]
[(684, 100), (1405, 100)]
[(107, 100), (1133, 100)]
[(1405, 100), (1742, 100)]
[(1341, 100), (2258, 100)]
[(1506, 100), (1579, 100)]
[(1004, 100), (2532, 100)]
[(615, 100), (998, 100)]
[(1693, 100), (2394, 100)]
[(2986, 100), (2220, 100)]
[(2840, 100), (1925, 100)]
[(2296, 100), (388, 100)]
[(2296, 100), (219, 100)]
[(1405, 100), (2977, 100)]
[(1405, 100), (633, 100)]
[]
[(1466, 100), (2512, 100)]
[(2840, 100), (952, 100)]
[(2454, 100), (1579, 100)]
[(1260, 100), (1372, 100)]
[]
[(328, 100), (2460, 100)]
[(793, 100), (2378, 100)]
[(2086, 100), (2337, 100)]
[(512, 100), (1208, 100)]
[(2337, 100), (2378, 100)]
[(1579, 100), (1769, 100)]
[(1466, 100), (2479, 100)]
[(194, 100), (2296, 100)]
[(453, 100), (1993, 100)]
[(2123, 100), (598, 100)]
[(107, 100), (2258, 100)]
[(881, 100), (2178, 100)]
[(2608, 100), (2220, 100)]
[(2736, 100), (2608, 100)]
[(982, 100), (388, 100)]
[(1363, 100), (2890, 100)]
[(643, 100), (2296, 100)]
[(1171, 100), (2608, 100)]
[(647, 100), (1411, 100)]
[(1075, 100), (145, 100)]
[(785, 100), (1898, 100)]
[(2862, 100), (1959, 100)]
[(2107, 100), (1400, 100)]
[(2343, 100), (2565, 100)]
[(972, 100), (1892, 100)]
[(107, 100), (799, 100)]
[(107, 100), (2258, 100)]
[(2791, 100), (586, 100)]
[(2251, 100), (204, 100)]
[(2277, 100), (575, 100)]
[(1179, 100), (835, 100)]
[]
[(1898, 100), (2736, 100)]
[(1574, 100), (3011, 100)]
[(2342, 100), (1578, 100)]
[]
[(2307, 100), (716, 100)]
[(3049, 100), (2809, 100)]
[(1741, 100), (2258, 100)]
[(2296, 100), (528, 100)]
[(1405, 100), (2462, 100)]
[(107, 100), (1574, 100)]
[(465, 100), (631, 100)]
[(2016, 100), (107, 100)]
[(1574, 100), (901, 100)]
[(107, 100), (2238, 100)]
[(1309, 100), (2066, 100)]
[(2898, 100), (2838, 100)]
[(2840, 100), (2387, 100)]
[(1075, 100), (1506, 100)]
[(2337, 100), (1662, 100)]
[(107, 100), (247, 100)]
[]
[(2277, 100), (575, 100)]
[(1305, 100), (107, 100)]
[(398, 100), (1405, 100)]
[(1607, 100), (2952, 100)]
[(793, 100), (2155, 100)]
[(2959, 100), (2070, 100)]
[(1579, 100), (1016, 100)]
[(2296, 100), (2890, 100)]
[(2409, 100), (1038, 100)]
[(2840, 100), (1579, 100)]
[(1260, 100), (107, 100)]
[(1466, 100), (1985, 100)]
[(899, 100), (107, 100)]
[(2949, 100), (1993, 100)]
[(2966, 100), (1815, 100)]
[(64, 100), (378, 100)]
[(1075, 100), (2454, 100)]
[]
[(2558, 100), (1372, 100)]
[(2665, 100), (731, 100)]
[(853, 100), (2296, 100)]
[(1742, 100), (2328, 100)]
[(1623, 100), (1714, 100)]
[(684, 100), (2375, 100)]
[(136, 100), (2258, 100)]
[(333, 100), (7, 100)]
[(1453, 100), (2296, 100)]
[(1557, 100), (819, 100)]
[(979, 100), (739, 100)]
[]
[(819, 100), (2783, 100)]
[(1579, 100), (618, 100)]
[(1290, 100), (1431, 100)]
[(929, 100), (2107, 100)]
[]
[(1579, 100), (785, 100)]
[(3063, 100), (2052, 100)]
[(2559, 100), (1405, 100)]
[(1376, 100), (760, 100)]
[(1171, 100), (1579, 100)]
[(1363, 100), (2296, 100)]
[(107, 100), (1574, 100)]
[(684, 100), (2193, 100)]
[(853, 100), (194, 100)]
[(2296, 100), (938, 100)]
[(2325, 100), (2296, 100)]
[(1075, 100), (1579, 100)]
[(2665, 100), (2768, 100)]
[(2020, 100), (450, 100)]
[(35, 100), (2736, 100)]
[(2107, 100), (2949, 100)]
[(819, 100), (2296, 100)]
[(2296, 100), (1222, 100)]
[(1996, 100), (636, 100)]
[(1574, 100), (1372, 100)]
[(604, 100), (2048, 100)]
[(2220, 100), (1579, 100)]
[(1405, 100), (1579, 100)]
[(2335, 100), (2334, 100)]
[]
[(2324, 100), (1574, 100)]
[(2337, 100), (2258, 100)]
[(1051, 100), (1075, 100)]
[(2296, 100), (936, 100)]
[]
[(2898, 100), (1362, 100)]
[(1828, 100), (785, 100)]
[(218, 100), (1036, 100)]
[(232, 100), (602, 100)]
[(1050, 100), (1409, 100)]
[(2523, 100), (2840, 100)]
[(2220, 100), (684, 100)]
[(1405, 100), (1993, 100)]
[(2207, 100), (587, 100)]
[(1405, 100), (1102, 100)]
[(392, 100), (1075, 100)]
[(621, 100), (1466, 100)]
[(2985, 100), (1546, 100)]
[(2643, 100), (1016, 100)]
[(2155, 100), (2695, 100)]
[(1260, 100), (1764, 100)]
[(1251, 100), (1767, 100)]
[(1574, 100), (2174, 100)]
[(2067, 100), (2970, 100)]
[(2840, 100), (2193, 100)]
[(1405, 100), (2334, 100)]
[(2558, 100), (2296, 100)]
[]
[(525, 100), (1569, 100)]
[(2193, 100), (2107, 100)]
[(2969, 100), (2296, 100)]
[(1506, 100), (2883, 100)]
[(1764, 100), (756, 100)]
[(194, 100), (2066, 100)]
[(2608, 100), (1076, 100)]
[(2296, 100), (1083, 100)]
[(2296, 100), (1309, 100)]
[(2107, 100), (2193, 100)]
[(1987, 100), (1404, 100)]
[(184, 100), (305, 100)]
[(1393, 100), (855, 100)]
[(2736, 100), (1372, 100)]
[(1925, 100), (460, 100)]
[(1317, 100), (2736, 100)]
[(2271, 100), (2967, 100)]
[(2296, 100), (2890, 100)]
[(1689, 100), (2951, 100)]
[(2258, 100), (2337, 100)]
[(2296, 100), (706, 100)]
[(1377, 100), (1579, 100)]
[(2193, 100), (1075, 100)]
[(2686, 100), (1569, 100)]
[(1579, 100), (2220, 100)]
[]
[(785, 100), (1372, 100)]
[(1763, 100), (88, 100)]
[(1194, 100), (1550, 100)]
[(3048, 100), (1872, 100)]
[(2972, 100), (1256, 100)]
[(2296, 100), (2736, 100)]
[(2949, 100), (1993, 100)]
[(2193, 100), (2107, 100)]
[(1660, 100), (2296, 100)]
[(1763, 100), (88, 100)]
[(2296, 100), (1574, 100)]
[(2296, 100), (1196, 100)]
[(1579, 100), (2909, 100)]
[(1075, 100), (684, 100)]
[(1372, 100), (2625, 100)]
[(2225, 100), (2, 100)]
[(1405, 100), (1767, 100)]
[(346, 100), (1764, 100)]
[(643, 100), (2641, 100)]
[(107, 100), (2836, 100)]
[(134, 100), (1574, 100)]
[(2331, 100), (665, 100)]
[(107, 100), (1073, 100)]
[(180, 100), (1574, 100)]
[(2575, 100), (2736, 100)]
[(2594, 100), (2340, 100)]
[(1993, 100), (2220, 100)]
[(217, 100), (1579, 100)]
[(820, 100), (2020, 100)]
[(3089, 100), (749, 100)]
[(2220, 100), (684, 100)]
[(982, 100), (388, 100)]
[(90, 100), (2296, 100)]
[(1764, 100), (785, 100)]
[(634, 100), (1845, 100)]
[(107, 100), (2540, 100)]
[(798, 100), (62, 100)]
[(194, 100), (2296, 100)]
[(2041, 100), (1896, 100)]
[(2156, 100), (1083, 100)]
[(1411, 100), (2296, 100)]
[(1742, 100), (2107, 100)]
[(853, 100), (2296, 100)]
[(2744, 100), (234, 100)]
[]
[(1040, 100), (2034, 100)]
[(2146, 100), (1922, 100)]
[(1485, 100), (2811, 100)]
[(2840, 100), (2898, 100)]
[(1251, 100), (2155, 100)]
[(1266, 100), (176, 100)]
[(2417, 100), (107, 100)]
[(2762, 100), (107, 100)]
[(2887, 100), (48, 100)]
[(1075, 100), (1678, 100)]
[(2193, 100), (1307, 100)]
[(1602, 100), (1579, 100)]
[(1251, 100), (1767, 100)]
[(1083, 100), (1111, 100)]
[]
[(1925, 100), (1767, 100)]
[(1373, 100), (260, 100)]
[(2723, 100), (2335, 100)]
[(856, 100), (2107, 100)]
[(2170, 100), (2623, 100)]
[(753, 100), (3066, 100)]
[(1108, 100), (340, 100)]
[(1266, 100), (944, 100)]
[(1405, 100), (1084, 100)]
[(2736, 100), (241, 100)]
[(1903, 100), (1574, 100)]
[]
[(2061, 100), (1547, 100)]
[(388, 100), (1506, 100)]
[(2258, 100), (140, 100)]
[(2375, 100), (1075, 100)]
[(1405, 100), (633, 100)]
[(2994, 100), (2907, 100)]
[(2677, 100), (1506, 100)]
[(107, 100), (2474, 100)]
[(1434, 100), (1579, 100)]
[(1742, 100), (388, 100)]
[(2736, 100), (874, 100)]
[(558, 100), (2265, 100)]
[(2736, 100), (2258, 100)]
[(2373, 100), (870, 100)]
[(1579, 100), (2545, 100)]
[(1574, 100), (1122, 100)]
[(1911, 100), (2451, 100)]
[(2271, 100), (2967, 100)]
[(1892, 100), (2736, 100)]
[(2223, 100), (611, 100)]
[(349, 100), (2736, 100)]
[(500, 100), (1579, 100)]
[(2975, 100), (1579, 100)]
[(2193, 100), (2107, 100)]
[(2422, 100), (1405, 100)]
[(107, 100), (2616, 100)]
[(3095, 100), (1637, 100)]
[(2296, 100), (2599, 100)]
[(1579, 100), (2264, 100)]
[(819, 100), (845, 100)]
[(3065, 100), (1199, 100)]
[(819, 100), (845, 100)]
[(107, 100), (340, 100)]
[(1405, 100), (1614, 100)]
[(107, 100), (1574, 100)]
[(1062, 100), (3043, 100)]
[(2291, 100), (2337, 100)]
[(2060, 100), (1764, 100)]
[(819, 100), (1174, 100)]
[(2258, 100), (2220, 100)]
[(1405, 100), (837, 100)]
[(2141, 100), (1362, 100)]
[(548, 100), (1506, 100)]
[(1068, 100), (1593, 100)]
[(2374, 100), (1075, 100)]
[(1204, 100), (1083, 100)]
[(1049, 100), (1574, 100)]
[(107, 100), (1390, 100)]
[(1075, 100), (1506, 100)]
[(2337, 100), (1075, 100)]
[]
[(2296, 100), (2890, 100)]
[(2449, 100), (2608, 100)]
[(2337, 100), (2258, 100)]
[(2296, 100), (1480, 100)]
[(2296, 100), (2890, 100)]
[(2840, 100), (2559, 100)]
[(2667, 100), (107, 100)]
[]
[(684, 100), (745, 100)]
[(2296, 100), (1235, 100)]
[(2252, 100), (1851, 100)]
[(1569, 100), (107, 100)]
[(1260, 100), (604, 100)]
[(1405, 100), (2337, 100)]
[(107, 100), (2641, 100)]
[(684, 100), (1438, 100)]
[(1574, 100), (2962, 100)]
[(1597, 100), (501, 100)]
[(2296, 100), (2952, 100)]
[(2471, 100), (107, 100)]
[(1190, 100), (1491, 100)]
[(2538, 100), (1075, 100)]
[]
[(1317, 100), (1404, 100)]
[(2064, 100), (2320, 100)]
[(2349, 100), (1372, 100)]
[(2048, 100), (1405, 100)]
[(1828, 100), (1075, 100)]
[(1634, 100), (136, 100)]
[(2733, 100), (684, 100)]
[(2296, 100), (2862, 100)]
[(2296, 100), (2890, 100)]
[(176, 100), (1574, 100)]
[(1569, 100), (2296, 100)]
[(13, 100), (1579, 100)]
[(1764, 100), (1341, 100)]
[]
[(1579, 100), (684, 100)]
[(1708, 100), (1171, 100)]
[(107, 100), (1574, 100)]
[(107, 100), (1574, 100)]
[(2665, 100), (59, 100)]
[(2840, 100), (2193, 100)]
[(1935, 100), (1367, 100)]
[(1075, 100), (2258, 100)]
[(2193, 100), (2830, 100)]
[(107, 100), (1574, 100)]
[(1021, 100), (1087, 100)]
[(987, 100), (1574, 100)]
[(1931, 100), (2980, 100)]
[(1406, 100), (136, 100)]
[(2296, 100), (1387, 100)]
[(136, 100), (467, 100)]
[(1260, 100), (107, 100)]
[(88, 100), (2385, 100)]
[]
[(1574, 100), (559, 100)]
[(2529, 100), (2274, 100)]
[(2193, 100), (1267, 100)]
[(947, 100), (1012, 100)]
[(2220, 100), (2162, 100)]
[(719, 100), (363, 100)]
[(1574, 100), (1447, 100)]
[(2840, 100), (2193, 100)]
[(929, 100), (2107, 100)]
[(2495, 100), (2258, 100)]
[(2898, 100), (1362, 100)]
[(1075, 100), (145, 100)]
[(2717, 100), (1883, 100)]
[(1405, 100), (1993, 100)]
[(2516, 100), (107, 100)]
[(1574, 100), (2234, 100)]
[]
[(2502, 100), (107, 100)]
[(107, 100), (514, 100)]
[(1560, 100), (2102, 100)]
[(162, 100), (107, 100)]
[(1279, 100), (2166, 100)]
[(2296, 100), (820, 100)]
[(684, 100), (2840, 100)]
[(2258, 100), (281, 100)]
[(2193, 100), (2513, 100)]
[(1187, 100), (1574, 100)]
[(2035, 100), (1405, 100)]
[(2296, 100), (695, 100)]
[(355, 100), (1216, 100)]
[(2091, 100), (729, 100)]
[(1579, 100), (1219, 100)]
[(75, 100), (1459, 100)]
[(2193, 100), (2220, 100)]
[(785, 100), (1341, 100)]
[(57, 100), (581, 100)]
[(1936, 100), (1574, 100)]
[(2955, 100), (1574, 100)]
[(240, 100), (1579, 100)]
[(1372, 100), (2736, 100)]
[(2736, 100), (3073, 100)]
[(1405, 100), (1848, 100)]
[(2258, 100), (444, 100)]
[(329, 100), (1298, 100)]
[(1868, 100), (1549, 100)]
[(2193, 100), (1267, 100)]
[(1349, 100), (831, 100)]
[(1630, 100), (2155, 100)]
[(779, 100), (132, 100)]
[(1075, 100), (684, 100)]
[(2688, 100), (412, 100)]
[(107, 100), (1574, 100)]
[(107, 100), (2020, 100)]
[(1082, 100), (1372, 100)]
[(157, 100), (1830, 100)]
[(1075, 100), (2487, 100)]
[(2220, 100), (2898, 100)]
[(2663, 100), (1973, 100)]
[(785, 100), (1075, 100)]
[(1733, 100), (1372, 100)]
[(107, 100), (2540, 100)]
[(1075, 100), (1506, 100)]
[(2736, 100), (2258, 100)]
[(1075, 100), (2206, 100)]
[(2840, 100), (1579, 100)]
[(1569, 100), (2296, 100)]
[]
[(2822, 100), (2296, 100)]
[(2107, 100), (1767, 100)]
[(1681, 100), (848, 100)]
[(1737, 100), (1702, 100)]
[(2840, 100), (2220, 100)]
[]
[]
[(1195, 100), (2258, 100)]
[(819, 100), (1083, 100)]
[(819, 100), (2281, 100)]
[(2485, 100), (979, 100)]
[(1975, 100), (902, 100)]
[(2296, 100), (2105, 100)]
[(2296, 100), (820, 100)]
[(107, 100), (2849, 100)]
[(2523, 100), (1075, 100)]
[(257, 100), (684, 100)]
[(2337, 100), (388, 100)]
[(2523, 100), (2840, 100)]
[(2949, 100), (403, 100)]
[(1958, 100), (2256, 100)]
[(793, 100), (2213, 100)]
[(1574, 100), (3015, 100)]
[(1595, 100), (136, 100)]
[(107, 100), (2849, 100)]
[(1572, 100), (418, 100)]
[(1764, 100), (867, 100)]
[(107, 100), (1103, 100)]
[(1260, 100), (1764, 100)]
[(194, 100), (2296, 100)]
[(2201, 100), (681, 100)]
[(1579, 100), (642, 100)]
[(2296, 100), (221, 100)]
[(2337, 100), (1075, 100)]
[(107, 100), (2849, 100)]
[(719, 100), (259, 100)]
[(390, 100), (89, 100)]
[(2356, 100), (2107, 100)]
[(2041, 100), (2107, 100)]
[(2356, 100), (2107, 100)]
[(2726, 100), (1793, 100)]
[(511, 100), (2307, 100)]
[(817, 100), (2862, 100)]
[(1083, 100), (2737, 100)]
[(1188, 100), (2296, 100)]
[(2401, 100), (2914, 100)]
[(217, 100), (199, 100)]
[(2770, 100), (2115, 100)]
[(684, 100), (2840, 100)]
[(107, 100), (948, 100)]
[(1569, 100), (942, 100)]
[(2809, 100), (1776, 100)]
[(1218, 100), (975, 100)]
[(719, 100), (2641, 100)]
[(1462, 100), (1573, 100)]
[(785, 100), (1582, 100)]
[(107, 100), (2941, 100)]
[(2116, 100), (2684, 100)]
[(107, 100), (327, 100)]
[(1213, 100), (107, 100)]
[(2422, 100), (1405, 100)]
[(2107, 100), (1456, 100)]
[(1767, 100), (2220, 100)]
[(2166, 100), (2313, 100)]
[(1828, 100), (785, 100)]
[(180, 100), (176, 100)]
[(2258, 100), (1478, 100)]
[(1960, 100), (1352, 100)]
[(500, 100), (1579, 100)]
[(1958, 100), (107, 100)]
[(1372, 100), (994, 100)]
[(2296, 100), (1713, 100)]
[(2296, 100), (2641, 100)]
[(719, 100), (2736, 100)]
[(2621, 100), (176, 100)]
[(2743, 100), (1075, 100)]
[(194, 100), (2296, 100)]
[(1572, 100), (418, 100)]
[(168, 100), (684, 100)]
[(2476, 100), (2375, 100)]
[(2384, 100), (1440, 100)]
[(1363, 100), (2296, 100)]
[(1764, 100), (2430, 100)]
[(1405, 100), (2701, 100)]
[(2635, 100), (1405, 100)]
[(2296, 100), (2636, 100)]
[(491, 100), (1579, 100)]
[(1251, 100), (1942, 100)]
[(1633, 100), (323, 100)]
[(2810, 100), (1579, 100)]
[(2159, 100), (2296, 100)]
[]
[(107, 100), (1574, 100)]
[(1260, 100), (162, 100)]
[(2065, 100), (684, 100)]
[(793, 100), (2196, 100)]
[(2608, 100), (151, 100)]
[]
[(770, 100), (2257, 100)]
[(819, 100), (1647, 100)]
[(2296, 100), (2220, 100)]
[(2736, 100), (2292, 100)]
[(1082, 100), (2220, 100)]
[(452, 100), (1663, 100)]
[(2840, 100), (1579, 100)]
[(719, 100), (2337, 100)]
[(1424, 100), (1574, 100)]
[(669, 100), (1574, 100)]
[(2834, 100), (107, 100)]
[(1437, 100), (1574, 100)]
[(3036, 100), (2107, 100)]
[(2015, 100), (1171, 100)]
[(1251, 100), (1767, 100)]
[(2898, 100), (2107, 100)]
[(2476, 100), (340, 100)]
[(1872, 100), (2717, 100)]
[(2375, 100), (1075, 100)]
[(1872, 100), (2107, 100)]
[(2296, 100), (2544, 100)]
[(2422, 100), (1925, 100)]
[(890, 100), (1579, 100)]
[(107, 100), (1268, 100)]
[(2181, 100), (2507, 100)]
[(2085, 100), (3083, 100)]
[(3052, 100), (1579, 100)]
[(1466, 100), (2512, 100)]
[(425, 100), (1993, 100)]
[(2337, 100), (1042, 100)]
[(2938, 100), (1372, 100)]
[(2898, 100), (1405, 100)]
[(1260, 100), (1786, 100)]
[(383, 100), (2041, 100)]
[(1405, 100), (574, 100)]
[(785, 100), (2310, 100)]
[(1550, 100), (2667, 100)]
[(107, 100), (2736, 100)]
[(974, 100), (3021, 100)]
[(107, 100), (2941, 100)]
[(495, 100), (2608, 100)]
[(2053, 100), (628, 100)]
[(107, 100), (2846, 100)]
[(2360, 100), (2258, 100)]
[(107, 100), (2258, 100)]
[(2296, 100), (2890, 100)]
[(933, 100), (1171, 100)]
[(819, 100), (845, 100)]
[(2454, 100), (1993, 100)]
[(1083, 100), (1111, 100)]
[(1574, 100), (1122, 100)]
[(107, 100), (1574, 100)]
[(2422, 100), (1082, 100)]
[(1506, 100), (1334, 100)]
[(1574, 100), (435, 100)]
[(2335, 100), (2334, 100)]
[(1532, 100), (629, 100)]
[(194, 100), (2554, 100)]
[(390, 100), (2978, 100)]
[(107, 100), (2849, 100)]
[(1260, 100), (162, 100)]
[(107, 100), (876, 100)]
[(1506, 100), (2175, 100)]
[(107, 100), (1574, 100)]
[(1312, 100), (2217, 100)]
[(2623, 100), (1574, 100)]
[]
[(1493, 100), (3023, 100)]
[(819, 100), (2296, 100)]
[(1299, 100), (1579, 100)]
[(1405, 100), (2301, 100)]
[(2840, 100), (2387, 100)]
[(2296, 100), (2890, 100)]
[(2258, 100), (1579, 100)]
[(2211, 100), (2442, 100)]
[(2168, 100), (1833, 100)]
[(1405, 100), (2046, 100)]
[(2193, 100), (1579, 100)]
[(1405, 100), (2069, 100)]
[(1574, 100), (1152, 100)]
[(1878, 100), (1776, 100)]
[(2788, 100), (1579, 100)]
[(2129, 100), (1579, 100)]
[(2296, 100), (2805, 100)]
[(2193, 100), (2220, 100)]
[(1229, 100), (1983, 100)]
[(1405, 100), (1825, 100)]
[(2337, 100), (1042, 100)]
[(2258, 100), (2605, 100)]
[(1405, 100), (2337, 100)]
[(3037, 100), (846, 100)]
[(1299, 100), (2107, 100)]
[(2667, 100), (107, 100)]
[(2736, 100), (2608, 100)]
[(1196, 100), (2404, 100)]
[(2296, 100), (2890, 100)]
[(819, 100), (1518, 100)]
[(2337, 100), (2378, 100)]
[(2523, 100), (793, 100)]
[(1317, 100), (1406, 100)]
[(1970, 100), (2258, 100)]
[(2736, 100), (2334, 100)]
[(148, 100), (456, 100)]
[(2840, 100), (388, 100)]
[(548, 100), (1506, 100)]
[(819, 100), (1574, 100)]
[(2296, 100), (2551, 100)]
[(1120, 100), (1056, 100)]
[(2258, 100), (2610, 100)]
[(1579, 100), (2220, 100)]
[(1372, 100), (2736, 100)]
[(2736, 100), (1312, 100)]
[(1584, 100), (1574, 100)]
[(188, 100), (2787, 100)]
[(2736, 100), (2258, 100)]
[(2258, 100), (413, 100)]
[(983, 100), (2907, 100)]
[(841, 100), (2296, 100)]
[(333, 100), (7, 100)]
[(2994, 100), (1320, 100)]
[(1749, 100), (2337, 100)]
[(1993, 100), (2220, 100)]
[(194, 100), (2296, 100)]
[]
[(355, 100), (1574, 100)]
[(1082, 100), (2840, 100)]
[(893, 100), (2048, 100)]
[(2258, 100), (2244, 100)]
[(107, 100), (1766, 100)]
[(1405, 100), (2293, 100)]
[(224, 100), (1258, 100)]
[(1579, 100), (684, 100)]
[(107, 100), (1664, 100)]
[(2608, 100), (2334, 100)]
[(2296, 100), (1045, 100)]
[(2862, 100), (31, 100)]
[(1260, 100), (785, 100)]
[(218, 100), (2296, 100)]
[(819, 100), (603, 100)]
[(1404, 100), (2155, 100)]
[(1576, 100), (1409, 100)]
[(288, 100), (1275, 100)]
[(943, 100), (1574, 100)]
[(1602, 100), (329, 100)]
[(1190, 100), (1950, 100)]
[(1405, 100), (785, 100)]
[(107, 100), (2474, 100)]
[(1016, 100), (2334, 100)]
[(1579, 100), (1610, 100)]
[(321, 100), (1574, 100)]
[(1569, 100), (2296, 100)]
[(2840, 100), (2898, 100)]
[(761, 100), (107, 100)]
[(1705, 100), (1958, 100)]
[(900, 100), (110, 100)]
[(367, 100), (1574, 100)]
[(107, 100), (1519, 100)]
[(2296, 100), (2524, 100)]
[(1574, 100), (1408, 100)]
[(640, 100), (461, 100)]
[]
[(107, 100), (676, 100)]
[(643, 100), (2014, 100)]
[(2296, 100), (1326, 100)]
[(2337, 100), (1075, 100)]
[(2348, 100), (1146, 100)]
[(2449, 100), (2193, 100)]
[(614, 100), (1924, 100)]
[(178, 100), (2296, 100)]
[(139, 100), (1506, 100)]
[(280, 100), (2740, 100)]
[(786, 100), (2572, 100)]
[(1405, 100), (2193, 100)]
[(2431, 100), (2629, 100)]
[(1501, 100), (1559, 100)]
[(511, 100), (933, 100)]
[(658, 100), (3069, 100)]
[(355, 100), (1025, 100)]
[(1988, 100), (1742, 100)]
[(2296, 100), (2890, 100)]
[(2296, 100), (616, 100)]
[(2387, 100), (2258, 100)]
[(2840, 100), (2611, 100)]
[(107, 100), (2, 100)]
[(2354, 100), (2099, 100)]
[(834, 100), (1405, 100)]
[(2296, 100), (2952, 100)]
[(2257, 100), (2003, 100)]
[(1767, 100), (2208, 100)]
[(2341, 100), (77, 100)]
[(1075, 100), (2258, 100)]
[(303, 100), (819, 100)]
[(1665, 100), (1339, 100)]
[(2258, 100), (2607, 100)]
[(2106, 100), (224, 100)]
[(2840, 100), (2107, 100)]
[(2665, 100), (2826, 100)]
[(136, 100), (1726, 100)]
[(2422, 100), (1405, 100)]
[(2840, 100), (388, 100)]
[(2337, 100), (1190, 100)]
[(2408, 100), (2124, 100)]
[(2840, 100), (1075, 100)]
[(3098, 100), (146, 100)]
[(1506, 100), (1171, 100)]
[(206, 100), (2107, 100)]
[(2296, 100), (1574, 100)]
[(2193, 100), (2107, 100)]
[(2862, 100), (2426, 100)]
[(743, 100), (3090, 100)]
[(1342, 100), (107, 100)]
[(1083, 100), (1111, 100)]
[(2898, 100), (2192, 100)]
[(984, 100), (2891, 100)]
[(1929, 100), (421, 100)]
[(543, 100), (1351, 100)]
[(446, 100), (1958, 100)]
[(2330, 100), (226, 100)]
[(107, 100), (1574, 100)]
[(2590, 100), (1328, 100)]
[(2258, 100), (281, 100)]
[(1405, 100), (1283, 100)]
[(2247, 100), (1993, 100)]
[(111, 100), (1439, 100)]
[(834, 100), (1405, 100)]
[(1574, 100), (2337, 100)]
[(159, 100), (1260, 100)]
[(3037, 100), (846, 100)]
[(1372, 100), (2625, 100)]
[]
[(1757, 100), (107, 100)]
[(1969, 100), (684, 100)]
[(819, 100), (3030, 100)]
[(2296, 100), (2890, 100)]
[(2857, 100), (1574, 100)]
[(443, 100), (2309, 100)]
[(60, 100), (100, 100)]
[(2296, 100), (2890, 100)]
[(2193, 100), (2713, 100)]
[(1507, 100), (1574, 100)]
[(194, 100), (2296, 100)]
[(1755, 100), (73, 100)]
[(2296, 100), (2890, 100)]
[(2499, 100), (1794, 100)]
[(1055, 100), (2047, 100)]
[(2296, 100), (312, 100)]
[(819, 100), (1574, 100)]
[(1260, 100), (2840, 100)]
[(1127, 100), (961, 100)]
[(1244, 100), (2736, 100)]
[(1801, 100), (308, 100)]
[(1411, 100), (107, 100)]
[(1667, 100), (1405, 100)]
[(107, 100), (1574, 100)]
[(136, 100), (176, 100)]
[(1149, 100), (2258, 100)]
[(2840, 100), (1579, 100)]
[(169, 100), (1143, 100)]
[(2840, 100), (2220, 100)]
[(107, 100), (1574, 100)]
[(1782, 100), (1110, 100)]
[(718, 100), (1579, 100)]
[(919, 100), (2862, 100)]
[(2852, 100), (2880, 100)]
[(1171, 100), (2608, 100)]
[(2473, 100), (1088, 100)]
[]
[(1764, 100), (1075, 100)]
[(1925, 100), (1767, 100)]
[(496, 100), (107, 100)]
[(2862, 100), (2140, 100)]
[(1260, 100), (162, 100)]
[(2193, 100), (388, 100)]
[(1608, 100), (2041, 100)]
[(1405, 100), (2337, 100)]
[(2949, 100), (684, 100)]
[(1700, 100), (2483, 100)]
[(1081, 100), (2611, 100)]
[(2696, 100), (2087, 100)]
[(684, 100), (1123, 100)]
[(2193, 100), (1405, 100)]
[(1255, 100), (3083, 100)]
[(1554, 100), (1196, 100)]
[(2107, 100), (1767, 100)]
[(2552, 100), (1405, 100)]
[(561, 100), (1658, 100)]
[(136, 100), (2057, 100)]
[(819, 100), (1574, 100)]
[(2296, 100), (1489, 100)]
[(2710, 100), (107, 100)]
[(2092, 100), (1849, 100)]
[(1958, 100), (107, 100)]
[(1204, 100), (2011, 100)]
[(2421, 100), (107, 100)]
[(107, 100), (1171, 100)]
[(603, 100), (1574, 100)]
[(162, 100), (107, 100)]
[(2194, 100), (763, 100)]
[(2220, 100), (684, 100)]
[(2736, 100), (970, 100)]
[(1779, 100), (2337, 100)]
[]
[(2318, 100), (2296, 100)]
[(668, 100), (1579, 100)]
[(1506, 100), (1171, 100)]
[(2220, 100), (1579, 100)]
[]
[(1352, 100), (1111, 100)]
[(2825, 100), (436, 100)]
[(2296, 100), (2890, 100)]
[(1109, 100), (2649, 100)]
[(376, 100), (2862, 100)]
[(1912, 100), (2785, 100)]
[(2296, 100), (2890, 100)]
[(1627, 100), (176, 100)]
[(1405, 100), (3094, 100)]
[(2296, 100), (1579, 100)]
[(2736, 100), (1600, 100)]
[(2193, 100), (619, 100)]
[(2736, 100), (2608, 100)]
[(423, 100), (1372, 100)]
[(785, 100), (2676, 100)]
[(1217, 100), (963, 100)]
[(2314, 100), (2679, 100)]
[(1537, 100), (1126, 100)]
[(753, 100), (1075, 100)]
[(2840, 100), (2611, 100)]
[(793, 100), (2736, 100)]
[(194, 100), (1574, 100)]
[(2193, 100), (2107, 100)]
[(107, 100), (2849, 100)]
[(785, 100), (2736, 100)]
[(107, 100), (1618, 100)]
[(2039, 100), (850, 100)]
[(2195, 100), (107, 100)]
[(2188, 100), (106, 100)]
[(107, 100), (1574, 100)]
[(2691, 100), (1980, 100)]
[(1574, 100), (1655, 100)]
[(2943, 100), (1574, 100)]
[(107, 100), (676, 100)]
[(753, 100), (1506, 100)]
[(1363, 100), (2296, 100)]
[(162, 100), (107, 100)]
[(643, 100), (2840, 100)]
[(2337, 100), (2107, 100)]
[(2296, 100), (2890, 100)]
[(2166, 100), (1012, 100)]
[(2296, 100), (2067, 100)]
[(2257, 100), (1872, 100)]
[(2157, 100), (1682, 100)]
[(840, 100), (2334, 100)]
[(1764, 100), (2661, 100)]
[]
[(1266, 100), (1574, 100)]
[(2876, 100), (2132, 100)]
[(1538, 100), (2070, 100)]
[(194, 100), (2296, 100)]
[(1468, 100), (2258, 100)]
[(552, 100), (1372, 100)]
[(2258, 100), (2337, 100)]
[(1851, 100), (158, 100)]
[(803, 100), (1574, 100)]
[(2258, 100), (1219, 100)]
[(300, 100), (1574, 100)]
[(2296, 100), (136, 100)]
[(162, 100), (107, 100)]
[(2296, 100), (2890, 100)]
[(2296, 100), (835, 100)]
[(347, 100), (2862, 100)]
[(2449, 100), (2220, 100)]
[(2422, 100), (1405, 100)]
[(684, 100), (3008, 100)]
[(2736, 100), (2258, 100)]
[(1579, 100), (1769, 100)]
[(2296, 100), (176, 100)]
[(819, 100), (2551, 100)]
[(2258, 100), (979, 100)]
[(2296, 100), (2243, 100)]
[]
[(2258, 100), (587, 100)]
[(1075, 100), (2375, 100)]
[(2107, 100), (2155, 100)]
[(1579, 100), (2954, 100)]
[(2523, 100), (2840, 100)]
[(726, 100), (2271, 100)]
[(2840, 100), (2193, 100)]
[(1993, 100)]
[(1552, 100), (1338, 100)]
[(834, 100), (2220, 100)]
[(1958, 100), (1742, 100)]
[(684, 100), (2193, 100)]
[(2862, 100), (1664, 100)]
[(2296, 100), (324, 100)]
[(2736, 100), (1600, 100)]
[(776, 100), (126, 100)]
[(2258, 100), (3004, 100)]
[(1089, 100), (1014, 100)]
[(1405, 100), (128, 100)]
[(1764, 100), (1212, 100)]
[(1405, 100), (1865, 100)]
[]
[(1356, 100), (3034, 100)]
[(702, 100), (2258, 100)]
[(632, 100), (1746, 100)]
[(2296, 100), (1574, 100)]
[]
[(1872, 100), (36, 100)]
[(511, 100), (1872, 100)]
[(1682, 100), (1574, 100)]
[(92, 100), (2840, 100)]
[(2107, 100), (2692, 100)]
[(1557, 100), (819, 100)]
[(194, 100), (107, 100)]
[(1260, 100), (2258, 100)]
[(205, 100), (2296, 100)]
[(1764, 100), (2228, 100)]
[(1247, 100), (107, 100)]
[(2220, 100), (684, 100)]
[(2193, 100), (2945, 100)]
[(1363, 100), (2890, 100)]
[(2919, 100), (1574, 100)]
[(1649, 100), (1574, 100)]
[(2220, 100), (684, 100)]
[(393, 100), (1985, 100)]
[(1579, 100), (642, 100)]
[(2296, 100), (2890, 100)]
[(62, 100), (1682, 100)]
[(977, 100), (1579, 100)]
[(1405, 100), (2840, 100)]
[(1453, 100), (335, 100)]
[(2890, 100), (2446, 100)]
[(2337, 100), (664, 100)]
[(2890, 100), (2446, 100)]
[(1728, 100), (22, 100)]
[(3039, 100), (1275, 100)]
[(1175, 100), (1574, 100)]
[(658, 100), (2637, 100)]
[(194, 100), (2548, 100)]
[(107, 100), (369, 100)]
[(2001, 100), (486, 100)]
[(1458, 100), (1075, 100)]
[(2296, 100), (2066, 100)]
[(2523, 100), (1405, 100)]
[(1352, 100), (86, 100)]
[(136, 100), (2258, 100)]
[(718, 100), (1372, 100)]
[]
[(328, 100), (2437, 100)]
[(182, 100), (2519, 100)]
[(2299, 100), (3090, 100)]
[(1425, 100), (703, 100)]
[(2063, 100), (194, 100)]
[(1214, 100), (1282, 100)]
[(2810, 100), (2107, 100)]
[(2296, 100), (2890, 100)]
[(1082, 100), (1075, 100)]
[(2296, 100), (2890, 100)]
[]
[(2028, 100), (107, 100)]
[(1386, 100), (1344, 100)]
[(2732, 100), (2443, 100)]
[(2362, 100), (2286, 100)]
[(182, 100), (2519, 100)]
[(65, 100), (2006, 100)]
[(2296, 100), (1344, 100)]
[(886, 100), (1196, 100)]
[(107, 100), (2258, 100)]
[(2393, 100), (684, 100)]
[(1574, 100), (2704, 100)]
[(673, 100), (1574, 100)]
[(1925, 100), (2628, 100)]
[(3063, 100), (2296, 100)]
[(1968, 100), (2258, 100)]
[(589, 100), (1075, 100)]
[(1574, 100), (1891, 100)]
[(1569, 100), (658, 100)]
[(982, 100), (2062, 100)]
[(872, 100), (2736, 100)]
[(684, 100), (273, 100)]
[(1406, 100), (2092, 100)]
[(1138, 100), (2608, 100)]
[(976, 100), (107, 100)]
[(1402, 100), (1075, 100)]
[(818, 100), (1506, 100)]
[(2066, 100), (2080, 100)]
[(1673, 100), (2107, 100)]
[(1684, 100), (1995, 100)]
[(194, 100), (2191, 100)]
[(2079, 100), (1196, 100)]
[(939, 100), (1596, 100)]
[(2316, 100), (709, 100)]
[(2667, 100), (819, 100)]
[(934, 100), (2487, 100)]
[(2220, 100), (684, 100)]
[(852, 100), (2924, 100)]
[(302, 100), (1405, 100)]
[(854, 100), (1471, 100)]
[]
[(1260, 100), (2840, 100)]
[(2193, 100), (1579, 100)]
[(2337, 100), (182, 100)]
[(2667, 100), (107, 100)]
[(1389, 100), (1480, 100)]
[(194, 100), (2296, 100)]
[(1561, 100), (1434, 100)]
[(2840, 100), (388, 100)]
[(819, 100), (965, 100)]
[(2296, 100), (2736, 100)]
[(2193, 100), (2107, 100)]
[(2154, 100), (2155, 100)]
[(1579, 100), (1767, 100)]
[(107, 100), (966, 100)]
[(564, 100), (2608, 100)]
[(1313, 100), (1579, 100)]
[(2634, 100), (326, 100)]
[(2840, 100), (2193, 100)]
[(1851, 100), (1993, 100)]
[(1764, 100), (388, 100)]
[(1083, 100), (737, 100)]
[(2304, 100), (93, 100)]
[(194, 100), (576, 100)]
[]
[(1453, 100), (2783, 100)]
[(18, 100), (2139, 100)]
[(319, 100), (3042, 100)]
[]
[(2667, 100), (107, 100)]
[(1262, 100), (1574, 100)]
[(853, 100), (225, 100)]
[]
[(2296, 100), (2890, 100)]
[(1574, 100), (2337, 100)]
[(171, 100), (1619, 100)]
[(2393, 100), (684, 100)]
[]
[(1098, 100), (2364, 100)]
[(2258, 100), (2334, 100)]
[(2296, 100), (2736, 100)]
[(390, 100), (530, 100)]
[(2381, 100), (107, 100)]
[(392, 100), (1075, 100)]
[]
[(1872, 100), (854, 100)]
[(3058, 100), (136, 100)]
[(2665, 100), (2768, 100)]
[(1372, 100), (2500, 100)]
[(194, 100), (1574, 100)]
[(2736, 100), (1016, 100)]
[(1382, 100), (248, 100)]
[(2523, 100), (1579, 100)]
[(1873, 100), (2313, 100)]
[]
[(417, 100), (2423, 100)]
[(2296, 100), (2890, 100)]
[(107, 100), (896, 100)]
[(2855, 100), (1159, 100)]
[(3005, 100), (1483, 100)]
[(168, 100), (2765, 100)]
[(2296, 100), (1083, 100)]
[(1506, 100), (1602, 100)]
[(1742, 100), (2107, 100)]
[(1227, 100), (1452, 100)]
[(2701, 100), (1065, 100)]
[(1405, 100), (843, 100)]
[(1396, 100), (2220, 100)]
[(2296, 100), (2890, 100)]
[(2523, 100), (1075, 100)]
[(1405, 100), (1252, 100)]
[]
[(246, 100), (46, 100)]
[(1579, 100), (2607, 100)]
[(2037, 100), (2640, 100)]
[(1508, 100), (1502, 100)]
[(878, 100), (1436, 100)]
[(2337, 100), (2728, 100)]
[(1925, 100), (2829, 100)]
[(2611, 100), (2107, 100)]
[(107, 100), (2849, 100)]
[(2794, 100), (1139, 100)]
[(1574, 100), (555, 100)]
[(1312, 100), (2437, 100)]
[(744, 100), (2934, 100)]
[(1260, 100), (2337, 100)]
[(2296, 100), (2524, 100)]
[(2258, 100), (2337, 100)]
[(419, 100), (249, 100)]
[(2712, 100), (1574, 100)]
[(468, 100), (1304, 100)]
[(2193, 100), (2107, 100)]
[(1455, 100), (330, 100)]
[(1283, 100), (3093, 100)]
[(2608, 100), (489, 100)]
[(420, 100), (2258, 100)]
[(194, 100), (1266, 100)]
[(185, 100), (1993, 100)]
[(2422, 100), (2337, 100)]
[(1352, 100), (2296, 100)]
[(2608, 100), (2220, 100)]
[(2523, 100), (1251, 100)]
[(2890, 100), (107, 100)]
[(1997, 100), (2736, 100)]
[(133, 100), (1344, 100)]
[(2296, 100), (1266, 100)]
[(2869, 100), (545, 100)]
[(2098, 100), (1190, 100)]
[(1687, 100), (1674, 100)]
[(2840, 100), (1767, 100)]
[(1405, 100), (2069, 100)]
[(194, 100), (1574, 100)]
[(1463, 100), (2258, 100)]
[(2193, 100), (2107, 100)]
[(2580, 100), (684, 100)]
[(2672, 100), (2136, 100)]
[(1764, 100), (867, 100)]
[(1579, 100), (642, 100)]
[(1405, 100), (381, 100)]
[(961, 100), (1579, 100)]
[(2220, 100), (684, 100)]
[(2647, 100), (2862, 100)]
[(194, 100), (1482, 100)]
[(1405, 100), (2840, 100)]
[(1466, 100), (1177, 100)]
[(1574, 100), (2617, 100)]
[(342, 100), (1405, 100)]
[(1682, 100), (1574, 100)]
[(367, 100), (1574, 100)]
[(2026, 100), (2387, 100)]
[(127, 100), (2220, 100)]
[(2296, 100), (2890, 100)]
[(1574, 100), (1372, 100)]
[(2859, 100), (1372, 100)]
[(2296, 100), (2890, 100)]
[(1405, 100), (1102, 100)]
[(684, 100), (2390, 100)]
[(643, 100), (107, 100)]
[(1185, 100), (1310, 100)]
[]
[(1352, 100), (1435, 100)]
[(3010, 100), (441, 100)]
[(1158, 100), (2079, 100)]
[(2840, 100), (2387, 100)]
[(133, 100), (1574, 100)]
[(1579, 100), (1769, 100)]
[(1579, 100), (1091, 100)]
[(1405, 100), (1993, 100)]
[(107, 100), (2258, 100)]
[(1128, 100), (1075, 100)]
[(684, 100), (2220, 100)]
[(92, 100), (1075, 100)]
[(107, 100), (2048, 100)]
[(2840, 100), (1579, 100)]
[(1231, 100), (2302, 100)]
[(1659, 100), (2296, 100)]
[(1372, 100), (2736, 100)]
[(1788, 100), (2736, 100)]
[(1075, 100), (2487, 100)]
[(643, 100), (2334, 100)]
[(1579, 100), (2220, 100)]
[(2332, 100), (1869, 100)]
[(1705, 100), (1958, 100)]
[(465, 100), (631, 100)]
[(2667, 100), (107, 100)]
[(2523, 100), (2706, 100)]
[(2736, 100), (1579, 100)]
[(1999, 100), (2862, 100)]
[(315, 100), (1083, 100)]
[(2193, 100), (2107, 100)]
[(355, 100), (1574, 100)]
[(784, 100), (1280, 100)]
[(2296, 100), (1574, 100)]
[(1075, 100), (2258, 100)]
[(1266, 100), (272, 100)]
[(1278, 100), (2662, 100)]
[(2868, 100), (2296, 100)]
[(2047, 100), (2107, 100)]
[(2528, 100), (2429, 100)]
[(1083, 100), (1111, 100)]
[(1466, 100), (1680, 100)]
[(2887, 100), (643, 100)]
[(2608, 100), (2334, 100)]
[(2898, 100), (868, 100)]
[(2193, 100), (1712, 100)]
[(107, 100), (1574, 100)]
[(2296, 100), (2862, 100)]
[(457, 100), (2736, 100)]
[(2523, 100), (2840, 100)]
[(476, 100), (706, 100)]
[(2558, 100), (388, 100)]
[(2127, 100), (115, 100)]
[(1107, 100), (2296, 100)]
[(1455, 100), (2041, 100)]
[(2296, 100), (1791, 100)]
[(872, 100), (2736, 100)]
[(1974, 100), (1753, 100)]
[(445, 100), (2898, 100)]
[(123, 100), (2166, 100)]
[(2411, 100), (1579, 100)]
[]
[(1372, 100), (3090, 100)]
[(1190, 100), (1579, 100)]
[(758, 100), (1372, 100)]
[(194, 100), (2296, 100)]
[(1875, 100), (2334, 100)]
[(2296, 100), (2961, 100)]
[(890, 100), (2793, 100)]
[(107, 100), (455, 100)]
[(2296, 100), (2890, 100)]
[(2193, 100), (2220, 100)]
[(2862, 100), (1832, 100)]
[(2296, 100), (2736, 100)]
[(544, 100), (2709, 100)]
[(693, 100), (742, 100)]
[]
[(1337, 100), (145, 100)]
[(2296, 100), (661, 100)]
[(2667, 100), (107, 100)]
[(1710, 100), (25, 100)]
[(1082, 100), (2220, 100)]
[(2670, 100), (2315, 100)]
[]
[(1764, 100), (2559, 100)]
[(61, 100), (377, 100)]
[(1405, 100), (2030, 100)]
[(2072, 100), (1445, 100)]
[(1352, 100), (2296, 100)]
[(2296, 100), (746, 100)]
[(2155, 100), (1579, 100)]
[]
[(591, 100), (1599, 100)]
[(107, 100), (580, 100)]
[(1603, 100), (1196, 100)]
[(2067, 100), (207, 100)]
[(1405, 100), (308, 100)]
[(1405, 100), (1506, 100)]
[(2386, 100), (2947, 100)]
[(1124, 100), (2542, 100)]
[(2296, 100), (2911, 100)]
[(2296, 100), (2890, 100)]
[(1909, 100), (300, 100)]
[(2523, 100), (2840, 100)]
[(961, 100), (1579, 100)]
[(866, 100), (2716, 100)]
[(2296, 100), (1045, 100)]
[(71, 100), (158, 100)]
[(1767, 100), (2155, 100)]
[(560, 100), (404, 100)]
[(2296, 100), (1470, 100)]
[(1285, 100), (1895, 100)]
[(1075, 100), (408, 100)]
[(2335, 100), (2334, 100)]
[(1274, 100), (2334, 100)]
[(1579, 100), (2220, 100)]
[(1528, 100), (522, 100)]
[(1421, 100), (1438, 100)]
[(2220, 100), (684, 100)]
[(3026, 100), (1614, 100)]
[(107, 100), (1574, 100)]
[(2574, 100), (2736, 100)]
[(194, 100), (2296, 100)]
[(2295, 100), (1075, 100)]
[(1111, 100), (1574, 100)]
[(1620, 100), (2608, 100)]
[(1266, 100), (1372, 100)]
[(1958, 100), (651, 100)]
[(2, 100), (1016, 100)]
[(2258, 100), (2334, 100)]
[(2296, 100), (2020, 100)]
[(1260, 100), (979, 100)]
[(1579, 100), (2865, 100)]
[(819, 100), (2017, 100)]
[(702, 100), (2334, 100)]
[(2667, 100), (819, 100)]
[(2214, 100), (2602, 100)]
[(758, 100), (2556, 100)]
[(1214, 100), (1275, 100)]
[(2296, 100), (2066, 100)]
[(1767, 100), (1715, 100)]
[(471, 100), (1574, 100)]
[(136, 100), (2111, 100)]
[(107, 100), (1519, 100)]
[(1372, 100), (2854, 100)]
[(1325, 100), (2439, 100)]
[(107, 100), (482, 100)]
[(1082, 100), (2921, 100)]
[]
[(2771, 100), (1466, 100)]
[(1453, 100), (1352, 100)]
[(2736, 100), (1136, 100)]
[(288, 100), (1275, 100)]
[(2623, 100), (133, 100)]
[(298, 100), (2715, 100)]
[(2551, 100), (2488, 100)]
[(1372, 100), (650, 100)]
[(819, 100), (2296, 100)]
[(2049, 100), (362, 100)]
[(1511, 100), (819, 100)]
[(1075, 100), (2258, 100)]
[(2623, 100), (1574, 100)]
[(652, 100), (859, 100)]
[(107, 100), (2020, 100)]
[(890, 100), (1287, 100)]
[(2733, 100), (684, 100)]
[(133, 100), (1574, 100)]
[(2736, 100), (1574, 100)]
[(194, 100), (2296, 100)]
[(1988, 100), (1742, 100)]
[(684, 100), (2840, 100)]
[(1914, 100), (7, 100)]
[(2198, 100), (1164, 100)]
[(407, 100), (3097, 100)]
[(1378, 100), (305, 100)]
[(819, 100), (1999, 100)]
[(2523, 100), (1075, 100)]
[(2611, 100), (706, 100)]
[(1075, 100), (2258, 100)]
[(2296, 100), (1196, 100)]
[(1082, 100), (2736, 100)]
[(1260, 100), (826, 100)]
[(1579, 100), (399, 100)]
[(1266, 100), (1574, 100)]
[(2044, 100), (2107, 100)]
[(1196, 100), (1574, 100)]
[(1185, 100), (2215, 100)]
[(684, 100), (2193, 100)]
[(977, 100), (1579, 100)]
[(2296, 100), (1371, 100)]
[]
[(2378, 100), (1506, 100)]
[(107, 100), (2849, 100)]
[(475, 100), (2305, 100)]
[(1405, 100), (2069, 100)]
[(196, 100), (2925, 100)]
[(2296, 100), (2890, 100)]
[(1851, 100), (158, 100)]
[(2558, 100), (388, 100)]
[]
[(2337, 100), (2810, 100)]
[(2923, 100), (1137, 100)]
[(2334, 100), (1372, 100)]
[(2083, 100), (390, 100)]
[(1574, 100), (1122, 100)]
[(1727, 100), (83, 100)]
[(2448, 100), (817, 100)]
[]
[(1466, 100), (1405, 100)]
[(1363, 100), (2890, 100)]
[(2296, 100), (4, 100)]
[(1574, 100), (1374, 100)]
[(2259, 100), (186, 100)]
[(1329, 100), (1083, 100)]
[(1993, 100), (2143, 100)]
[(1612, 100), (2541, 100)]
[(2107, 100), (1416, 100)]
[(197, 100), (416, 100)]
[(2098, 100), (1943, 100)]
[(306, 100), (262, 100)]
[(2879, 100), (2840, 100)]
[(2840, 100), (1075, 100)]
[(2321, 100), (2812, 100)]
[(2340, 100), (1574, 100)]
[(1829, 100), (2296, 100)]
[(2736, 100), (1579, 100)]
[(763, 100), (1999, 100)]
[(505, 100), (2736, 100)]
[(2134, 100), (2862, 100)]
[(1190, 100), (1950, 100)]
[(1659, 100), (2296, 100)]
[(1308, 100), (1077, 100)]
[(1764, 100), (2002, 100)]
[(2296, 100), (1196, 100)]
[(719, 100), (1075, 100)]
[(2899, 100), (107, 100)]
[(1988, 100), (1742, 100)]
[(2337, 100), (1795, 100)]
[(1764, 100), (2002, 100)]
[(1075, 100), (1735, 100)]
[(107, 100), (1574, 100)]
[(2840, 100), (1075, 100)]
[(107, 100), (2849, 100)]
[(107, 100), (1574, 100)]
[(1993, 100), (1579, 100)]
[(18, 100), (2139, 100)]
[(298, 100), (1835, 100)]
[(1993, 100), (2220, 100)]
[]
[(1453, 100), (864, 100)]
[(2296, 100), (2736, 100)]
[(1700, 100), (684, 100)]
[(2258, 100), (2334, 100)]
[(1466, 100), (1680, 100)]
[(2296, 100), (2890, 100)]
[(1958, 100), (34, 100)]
[(107, 100), (2474, 100)]
[(216, 100), (854, 100)]
[(2100, 100), (1721, 100)]
[(41, 100), (768, 100)]
[(1161, 100), (2296, 100)]
[(2888, 100), (286, 100)]
[(1405, 100), (2862, 100)]
[(290, 100), (2258, 100)]
[(884, 100), (1574, 100)]
[(2296, 100), (2890, 100)]
[(1648, 100), (2003, 100)]
[(1529, 100), (1405, 100)]
[(3090, 100), (2107, 100)]
[(2523, 100), (1579, 100)]
[(2193, 100), (1163, 100)]
[(1574, 100), (912, 100)]
[(2915, 100), (1574, 100)]
[(275, 100), (2419, 100)]
[(2075, 100), (252, 100)]
[(1352, 100), (2296, 100)]
[(1767, 100), (1506, 100)]
[(194, 100), (2296, 100)]
[(2840, 100), (793, 100)]
[(2107, 100), (1902, 100)]
[(2296, 100), (1271, 100)]
[(1028, 100), (1076, 100)]
[(932, 100), (2222, 100)]
[(1017, 100), (1748, 100)]
[(2164, 100), (2736, 100)]
[(1821, 100), (578, 100)]
[(1828, 100), (39, 100)]
[(1656, 100), (2296, 100)]
[(107, 100), (1574, 100)]
[(1763, 100), (1614, 100)]
[(2220, 100), (684, 100)]
[(1506, 100), (1863, 100)]
[(1134, 100), (1574, 100)]
[(479, 100), (441, 100)]
[(1260, 100), (2736, 100)]
[(7, 100), (1223, 100)]
[(1075, 100), (2830, 100)]
[(1858, 100), (1406, 100)]
[(2067, 100), (207, 100)]
[(1925, 100), (922, 100)]
[(2667, 100), (107, 100)]
[(1319, 100), (2880, 100)]
[(670, 100), (2736, 100)]
[(392, 100), (1075, 100)]
[(2728, 100), (1405, 100)]
[(1742, 100), (1888, 100)]
[(2736, 100), (1579, 100)]
[(1569, 100), (1083, 100)]
[(2072, 100), (638, 100)]
[(107, 100), (1574, 100)]
[(1621, 100), (2334, 100)]
[(107, 100), (1574, 100)]
[(631, 100), (1574, 100)]
[(107, 100), (1574, 100)]
[(1966, 100), (819, 100)]
[(937, 100), (2296, 100)]
[(1993, 100), (2220, 100)]
[(1569, 100), (2377, 100)]
[(889, 100), (1574, 100)]
[(1363, 100), (2296, 100)]
[(1333, 100), (2510, 100)]
[(2132, 100), (1405, 100)]
[(3009, 100), (2296, 100)]
[(1958, 100), (2833, 100)]
[(1405, 100), (472, 100)]
[(1574, 100), (2184, 100)]
[]
[(388, 100), (1579, 100)]
[(2710, 100), (980, 100)]
[(1519, 100), (2258, 100)]
[(107, 100), (710, 100)]
[(1958, 100), (1372, 100)]
[(144, 100), (2296, 100)]
[(1372, 100), (2736, 100)]
[(1411, 100), (250, 100)]
[(2337, 100), (1075, 100)]
[(2992, 100), (1574, 100)]
[(3085, 100), (484, 100)]
[(2840, 100), (2193, 100)]
[(2048, 100), (617, 100)]
[(96, 100), (1956, 100)]
[(1405, 100), (3094, 100)]
[(107, 100), (1390, 100)]
[(1075, 100), (145, 100)]
[(2840, 100), (858, 100)]
[(888, 100), (2107, 100)]
[]
[(1579, 100), (399, 100)]
[(2257, 100), (1423, 100)]
[(2719, 100), (1579, 100)]
[(2887, 100), (274, 100)]
[(1251, 100), (1942, 100)]
[(495, 100), (2608, 100)]
[(122, 100), (198, 100)]
[(1767, 100), (2138, 100)]
[(1272, 100), (2335, 100)]
[(1519, 100), (684, 100)]
[(684, 100), (1767, 100)]
[(1574, 100), (639, 100)]
[(539, 100), (1877, 100)]
[(465, 100), (2400, 100)]
[(2602, 100), (2107, 100)]
[(107, 100), (1574, 100)]
[(1711, 100), (2048, 100)]
[(1767, 100), (1506, 100)]
[(2296, 100), (2170, 100)]
[(1706, 100), (684, 100)]
[(2296, 100), (2238, 100)]
[(2523, 100), (1075, 100)]
[(1202, 100), (63, 100)]
[(1574, 100), (2126, 100)]
[(1517, 100), (229, 100)]
[(2840, 100), (1579, 100)]
[(2144, 100), (1362, 100)]
[(3058, 100), (136, 100)]
[(1764, 100), (2258, 100)]
[(2736, 100), (1953, 100)]
[(999, 100), (2296, 100)]
[(1742, 100), (1815, 100)]
[(69, 100), (1574, 100)]
[(2258, 100), (2158, 100)]
[(2644, 100), (1405, 100)]
[(2586, 100), (2091, 100)]
[(1190, 100), (1075, 100)]
[(1767, 100), (2898, 100)]
[(2665, 100), (2768, 100)]
[(1811, 100), (1521, 100)]
[(643, 100), (1260, 100)]
[(2966, 100), (1815, 100)]
[(107, 100), (676, 100)]
[(2296, 100), (695, 100)]
[]
[(1902, 100), (2107, 100)]
[(18, 100), (785, 100)]
[(2337, 100), (2258, 100)]
[(204, 100), (2296, 100)]
[(2258, 100), (1887, 100)]
[(1911, 100), (2451, 100)]
[(2840, 100), (997, 100)]
[(1209, 100), (1506, 100)]
[(136, 100), (1574, 100)]
[(890, 100), (1251, 100)]
[(2608, 100), (2733, 100)]
[(2413, 100), (2964, 100)]
[(2048, 100), (1896, 100)]
[(787, 100), (107, 100)]
[(2193, 100), (1993, 100)]
[]
[]
[(2423, 100), (828, 100)]
[(2193, 100), (2107, 100)]
[(107, 100), (1574, 100)]
[(751, 100), (278, 100)]
[(1405, 100), (1079, 100)]
[(2840, 100), (2387, 100)]
[(2795, 100), (2707, 100)]
[(2296, 100), (1196, 100)]
[(1802, 100), (2416, 100)]
[(2025, 100), (2555, 100)]
[(1406, 100), (835, 100)]
[(1286, 100), (107, 100)]
[(819, 100), (1329, 100)]
[(1574, 100), (550, 100)]
[(797, 100), (1579, 100)]
[(355, 100), (1025, 100)]
[(2840, 100), (684, 100)]
[(660, 100), (509, 100)]
[(1529, 100), (1405, 100)]
[(1506, 100), (1116, 100)]
[(1009, 100), (801, 100)]
[(2702, 100), (2769, 100)]
[]
[(18, 100), (2139, 100)]
[(2333, 100), (7, 100)]
[(2840, 100), (388, 100)]
[(2258, 100), (764, 100)]
[(2314, 100), (2679, 100)]
[(706, 100), (2071, 100)]
[(1017, 100), (1748, 100)]
[(2736, 100), (2334, 100)]
[(2736, 100), (226, 100)]
[(1352, 100), (2551, 100)]
[(1959, 100), (2335, 100)]
[(2764, 100), (766, 100)]
[(1585, 100), (1682, 100)]
[(1875, 100), (2334, 100)]
[(1764, 100), (2296, 100)]
[(1677, 100), (1467, 100)]
[(2041, 100), (350, 100)]
[(643, 100), (819, 100)]
[(145, 100), (2878, 100)]
[(2107, 100), (706, 100)]
[(1597, 100), (501, 100)]
[(1215, 100), (2193, 100)]
[(1405, 100), (1579, 100)]
[(2744, 100), (2258, 100)]
[(849, 100), (1352, 100)]
[(76, 100), (1574, 100)]
[(613, 100), (2736, 100)]
[(2655, 100), (1214, 100)]
[(2296, 100), (2970, 100)]
[(2214, 100), (1941, 100)]
[(1075, 100), (2454, 100)]
[(1183, 100), (275, 100)]
[(569, 100), (2503, 100)]
[(7, 100), (2389, 100)]
[(971, 100), (267, 100)]
[(1075, 100), (2107, 100)]
[(2863, 100), (2296, 100)]
[(1764, 100), (2152, 100)]
[(3085, 100), (1341, 100)]
[(422, 100), (1826, 100)]
[(2337, 100), (1075, 100)]
[(2561, 100), (2155, 100)]
[(1764, 100), (2406, 100)]
[(2659, 100), (389, 100)]
[(1993, 100), (2013, 100)]
[(194, 100), (2296, 100)]
[(2422, 100), (1925, 100)]
[(1902, 100), (2107, 100)]
[(253, 100), (107, 100)]
[(2810, 100), (1579, 100)]
[(2834, 100), (1392, 100)]
[(1473, 100), (2107, 100)]
[(1130, 100), (107, 100)]
[(2608, 100), (2300, 100)]
[(2296, 100), (2890, 100)]
[(37, 100), (885, 100)]
[(785, 100), (2676, 100)]
[(107, 100), (340, 100)]
[(1012, 100), (2040, 100)]
[(3086, 100), (2042, 100)]
[(1577, 100), (665, 100)]
[(1260, 100), (107, 100)]
[(10, 100), (2143, 100)]
[(357, 100), (1405, 100)]
[(2879, 100), (2, 100)]
[(1016, 100), (1405, 100)]
[(1579, 100), (2823, 100)]
[]
[]
[(2296, 100), (2890, 100)]
[(107, 100), (710, 100)]
[(2258, 100), (1579, 100)]
[(2422, 100), (2337, 100)]
[(2403, 100), (1125, 100)]
[(1405, 100), (2193, 100)]
[(1506, 100), (2520, 100)]
[(2155, 100), (1579, 100)]
[(1506, 100), (1171, 100)]
[(1574, 100), (559, 100)]
[(2718, 100), (1398, 100)]
[(2719, 100), (1700, 100)]
[(663, 100), (785, 100)]
[(1569, 100), (1574, 100)]
[(2296, 100), (2890, 100)]
[(834, 100), (2220, 100)]
[(107, 100), (582, 100)]
[(1749, 100), (1251, 100)]
[(154, 100), (684, 100)]
[(2656, 100), (1764, 100)]
[(1513, 100), (1574, 100)]
[(1742, 100), (1075, 100)]
[(1363, 100), (2890, 100)]
[(2193, 100), (2898, 100)]
[(1638, 100), (1551, 100)]
[(3032, 100), (1574, 100)]
[]
[(856, 100), (2929, 100)]
[(2840, 100), (49, 100)]
[(194, 100), (2296, 100)]
[(1405, 100), (1372, 100)]
[(1925, 100), (2208, 100)]
[(2258, 100), (444, 100)]
[(2193, 100), (2107, 100)]
[(107, 100), (341, 100)]
[]
[]
[(107, 100), (1519, 100)]
[(2337, 100), (2454, 100)]
[(395, 100), (2335, 100)]
[(956, 100), (2546, 100)]
[(1196, 100), (361, 100)]
[(1075, 100), (2258, 100)]
[(1574, 100), (691, 100)]
[(1190, 100), (54, 100)]
[(1958, 100), (1742, 100)]
[(684, 100), (2220, 100)]
[(1579, 100), (2607, 100)]
[(2840, 100), (145, 100)]
[(1260, 100), (1776, 100)]
[]
[(879, 100), (608, 100)]
[(684, 100), (1579, 100)]
[(717, 100), (45, 100)]
[(982, 100), (478, 100)]
[(173, 100), (1925, 100)]
[(2258, 100), (1957, 100)]
[(3088, 100), (2863, 100)]
[]
[(343, 100), (442, 100)]
[(1196, 100), (1574, 100)]
[(2983, 100), (1111, 100)]
[(6, 100), (2862, 100)]
[(1828, 100), (2862, 100)]
[(796, 100), (2340, 100)]
[(1411, 100), (2079, 100)]
[(1563, 100), (1555, 100)]
[(1574, 100), (2339, 100)]
[(2434, 100), (1934, 100)]
[(2193, 100), (2220, 100)]
[(1171, 100), (2608, 100)]
[(819, 100), (1574, 100)]
[(2220, 100), (684, 100)]
[(1323, 100), (785, 100)]
[]
[(102, 100), (1370, 100)]
[(2840, 100), (793, 100)]
[(107, 100), (1574, 100)]
[(2180, 100), (2220, 100)]
[(1569, 100), (1067, 100)]
[(1190, 100), (1579, 100)]
[(1054, 100), (1372, 100)]
[(1569, 100), (2296, 100)]
[(107, 100), (1574, 100)]
[(1519, 100), (1200, 100)]
[(1405, 100), (2462, 100)]
[(961, 100), (1579, 100)]
[(18, 100), (2, 100)]
[(753, 100), (2337, 100)]
[(1010, 100), (2898, 100)]
[(2759, 100), (1574, 100)]
[(236, 100), (107, 100)]
[(1363, 100), (2296, 100)]
[(2107, 100), (2510, 100)]
[(316, 100), (1332, 100)]
[(94, 100), (767, 100)]
[(107, 100), (1574, 100)]
[(2840, 100), (1579, 100)]
[(1640, 100), (1405, 100)]
[(211, 100), (310, 100)]
[(392, 100), (1075, 100)]
[(18, 100), (2139, 100)]
[(2337, 100), (2375, 100)]
[(216, 100), (991, 100)]
[(719, 100), (1075, 100)]
[(194, 100), (2968, 100)]
[(1075, 100), (2258, 100)]
[(2440, 100), (2285, 100)]
[(160, 100), (1506, 100)]
[(2107, 100), (2608, 100)]
[(808, 100), (1925, 100)]
[]
[]
[(1214, 100), (1405, 100)]
[(1634, 100), (136, 100)]
[(107, 100), (1372, 100)]
[(758, 100), (2556, 100)]
[(772, 100), (1574, 100)]
[(3063, 100), (2052, 100)]
[(136, 100), (1574, 100)]
[(2644, 100), (1405, 100)]
[(2596, 100), (670, 100)]
[(2296, 100), (2418, 100)]
[]
[(2736, 100), (1486, 100)]
[(719, 100), (2397, 100)]
[(445, 100), (2193, 100)]
[(1405, 100), (2462, 100)]
[(2712, 100), (2498, 100)]
[(2718, 100), (1398, 100)]
[(2120, 100), (3083, 100)]
[(1574, 100), (2818, 100)]
[(1569, 100), (2296, 100)]
[(205, 100), (1502, 100)]
[(660, 100), (445, 100)]
[(1075, 100), (2375, 100)]
[(307, 100), (1998, 100)]
[(819, 100), (2296, 100)]
[(1574, 100), (1160, 100)]
[(2258, 100), (281, 100)]
[(2899, 100), (1574, 100)]
[(592, 100), (2803, 100)]
[(1962, 100), (2500, 100)]
[(1841, 100), (1971, 100)]
[(1764, 100), (2816, 100)]
[(2193, 100), (2220, 100)]
[(2296, 100), (1384, 100)]
[(1569, 100), (835, 100)]
[(2596, 100), (1686, 100)]
[(1248, 100), (2736, 100)]
[(1872, 100), (2257, 100)]
[(2523, 100), (1579, 100)]
[(1764, 100), (2406, 100)]
[(2862, 100), (2426, 100)]
[(2667, 100), (107, 100)]
[(2712, 100), (1682, 100)]
[(2214, 100), (1215, 100)]
[(1147, 100), (3022, 100)]
[(107, 100), (2113, 100)]
[(2296, 100), (2890, 100)]
[(2949, 100), (1993, 100)]
[(2296, 100), (820, 100)]
[(2862, 100), (648, 100)]
[(1574, 100), (2886, 100)]
[(402, 100), (2107, 100)]
[(1406, 100), (2660, 100)]
[(2822, 100), (2020, 100)]
[(743, 100), (3090, 100)]
[(136, 100), (1113, 100)]
[(2107, 100), (2608, 100)]
[(2894, 100), (107, 100)]
[(1083, 100), (1111, 100)]
[(1574, 100), (1160, 100)]
[(834, 100), (2220, 100)]
[(2098, 100), (2910, 100)]
[(1466, 100), (1075, 100)]
[(1574, 100), (271, 100)]
[(2296, 100), (2890, 100)]
[(2889, 100), (2543, 100)]
[(1171, 100), (1579, 100)]
[(1809, 100), (1405, 100)]
[(1544, 100), (1405, 100)]
[(1284, 100), (2736, 100)]
[(1959, 100), (1480, 100)]
[(3018, 100), (2334, 100)]
[(3088, 100), (2863, 100)]
[(194, 100), (1574, 100)]
[(1574, 100), (1297, 100)]
[(2296, 100), (2890, 100)]
[(1405, 100), (1206, 100)]
[(1225, 100), (40, 100)]
[]
[(723, 100), (2334, 100)]
[(1273, 100), (2736, 100)]
[(297, 100), (2296, 100)]
[(2104, 100), (1767, 100)]
[(1200, 100), (2335, 100)]
[(2193, 100), (3093, 100)]
[(731, 100), (1075, 100)]
[(1331, 100), (2296, 100)]
[(2776, 100), (836, 100)]
[(205, 100), (481, 100)]
[(1405, 100), (2346, 100)]
[(1083, 100), (1111, 100)]
[]
[(107, 100), (2238, 100)]
[(1381, 100), (898, 100)]
[(2296, 100), (1196, 100)]
[(2840, 100), (2736, 100)]
[(511, 100), (285, 100)]
[(1075, 100), (2487, 100)]
[(1363, 100), (2296, 100)]
[]
[(124, 100), (1682, 100)]
[(653, 100), (1574, 100)]
[(1569, 100), (1438, 100)]
[]
[(107, 100), (2258, 100)]
[(974, 100), (1706, 100)]
[(2296, 100), (2479, 100)]
[(2155, 100), (2220, 100)]
[(2258, 100), (2861, 100)]
[(292, 100), (1506, 100)]
[(1764, 100), (1236, 100)]
[(599, 100), (2257, 100)]
[(3037, 100), (846, 100)]
[(2840, 100), (358, 100)]
[(194, 100), (2296, 100)]
[(2667, 100), (107, 100)]
[(2405, 100), (2325, 100)]
[(2391, 100), (107, 100)]
[(133, 100), (1574, 100)]
[(1932, 100), (16, 100)]
[(753, 100), (1490, 100)]
[(2193, 100), (1075, 100)]
[(2296, 100), (2736, 100)]
[(684, 100), (2337, 100)]
[(2667, 100), (107, 100)]
[(785, 100), (1405, 100)]
[(184, 100), (1574, 100)]
[(1569, 100), (2296, 100)]
[(2917, 100), (1476, 100)]
[(2296, 100), (1635, 100)]
[(1824, 100), (1574, 100)]
[(3101, 100), (2220, 100)]
[(1574, 100), (1122, 100)]
[(1185, 100), (2736, 100)]
[(1251, 100), (2108, 100)]
[(688, 100), (2988, 100)]
[(2799, 100), (2979, 100)]
[(1269, 100), (2736, 100)]
[(2296, 100), (2890, 100)]
[(107, 100), (1171, 100)]
[(707, 100), (1699, 100)]
[(829, 100), (356, 100)]
[(782, 100), (2334, 100)]
[(763, 100), (2991, 100)]
[(135, 100), (1075, 100)]
[(2410, 100), (1952, 100)]
[(194, 100), (2296, 100)]
[(2296, 100), (2020, 100)]
[(465, 100), (2400, 100)]
[(2667, 100), (819, 100)]
[(162, 100), (107, 100)]
[(107, 100), (1574, 100)]
[(1623, 100), (2337, 100)]
[(2840, 100), (2347, 100)]
[(3097, 100), (2258, 100)]
[(2193, 100), (1075, 100)]
[(3090, 100), (2107, 100)]
[(2530, 100), (2743, 100)]
[(2445, 100), (1075, 100)]
[(819, 100), (1574, 100)]
[(107, 100), (2995, 100)]
[(2296, 100), (1083, 100)]
[(2467, 100), (136, 100)]
[(3082, 100), (200, 100)]
[(1511, 100), (2296, 100)]
[(342, 100), (1405, 100)]
[(590, 100), (1579, 100)]
[(643, 100), (2840, 100)]
[(1579, 100), (1148, 100)]
[(1154, 100), (2622, 100)]
[(1016, 100), (1578, 100)]
[(19, 100), (2296, 100)]
